[gd_scene format=3 uid="uid://cmig72j5xmifs"]

[ext_resource type="PackedScene" uid="uid://blf4kexxwin27" path="res://Blender/Stoneman.blend" id="1_cd8uv"]

[sub_resource type="JointLimitationCone3D" id="JointLimitationCone3D_cd8uv"]
angle = 3.1415927

[sub_resource type="JointLimitationCone3D" id="JointLimitationCone3D_e2y4b"]
angle = 3.1415927

[sub_resource type="JointLimitationCone3D" id="JointLimitationCone3D_5lhmr"]
angle = 3.1415927

[sub_resource type="JointLimitationCone3D" id="JointLimitationCone3D_3eua4"]
angle = 3.1415927

[sub_resource type="JointLimitationCone3D" id="JointLimitationCone3D_7xxjt"]
angle = 3.1415927

[sub_resource type="Animation" id="Animation_cd8uv"]
resource_name = "Walk"
tracks/0/type = "position_3d"
tracks/0/imported = false
tracks/0/enabled = false
tracks/0/path = NodePath("Right Leg Target")
tracks/0/interp = 1
tracks/0/loop_wrap = true
tracks/0/keys = PackedFloat32Array()
tracks/1/type = "position_3d"
tracks/1/imported = false
tracks/1/enabled = false
tracks/1/path = NodePath("Left Leg Target")
tracks/1/interp = 1
tracks/1/loop_wrap = true
tracks/1/keys = PackedFloat32Array()
tracks/2/type = "position_3d"
tracks/2/imported = false
tracks/2/enabled = true
tracks/2/path = NodePath("Right Arm Target")
tracks/2/interp = 1
tracks/2/loop_wrap = true
tracks/2/keys = PackedFloat32Array()
tracks/3/type = "position_3d"
tracks/3/imported = false
tracks/3/enabled = true
tracks/3/path = NodePath("Left Arm Target")
tracks/3/interp = 1
tracks/3/loop_wrap = true
tracks/3/keys = PackedFloat32Array()

[sub_resource type="AnimationLibrary" id="AnimationLibrary_e2y4b"]
_data = {
&"Idle": SubResource("Animation_cd8uv")
}

[sub_resource type="BoxShape3D" id="BoxShape3D_e2y4b"]
size = Vector3(4.3964844, 19.33667, 2.8902893)

[node name="Stoneman" unique_id=316174631 instance=ExtResource("1_cd8uv")]

[node name="Hand_l" parent="Armature/Skeleton3D" parent_id_path=PackedInt32Array(111352344) index="2" unique_id=1665941007]
transform = Transform3D(-0.98380554, -0.17069685, -0.054675944, 0.1611326, -0.9758738, 0.14733092, -0.07850574, 0.13613486, 0.9875749, 3.2148743, -1.1897485, -0.74816394)

[node name="Lower Arm_l" parent="Armature/Skeleton3D" parent_id_path=PackedInt32Array(111352344) index="3" unique_id=1161562038]
transform = Transform3D(-0.98380554, -0.17069685, -0.054675944, 0.1611326, -0.9758738, 0.14733092, -0.07850574, 0.13613486, 0.9875749, 3.7157848, 1.6739616, -1.1476529)

[node name="Upper Arm_l" parent="Armature/Skeleton3D" parent_id_path=PackedInt32Array(111352344) index="4" unique_id=755652617]
transform = Transform3D(-0.7597419, 0.6500274, -0.016024822, -0.65018296, -0.75974184, 0.0073785707, -0.007378461, 0.016024875, 0.9998443, 1.3811173, 4.402683, -1.2052085)

[node name="Hand_r" parent="Armature/Skeleton3D" parent_id_path=PackedInt32Array(111352344) index="5" unique_id=238697896]
transform = Transform3D(0.07785731, 0.17866087, 0.9808253, 0.10049981, -0.9802066, 0.17057046, 0.9918859, 0.08529264, -0.09427157, -3.2138426, -1.2050028, -0.7464723)

[node name="Lower Arm_r" parent="Armature/Skeleton3D" parent_id_path=PackedInt32Array(111352344) index="6" unique_id=466613719]
transform = Transform3D(0.07785731, 0.17866087, 0.9808253, 0.10049981, -0.9802066, 0.17057046, 0.9918859, 0.08529264, -0.09427157, -3.7381234, 1.6714206, -0.9967642)

[node name="Upper Arm_r" parent="Armature/Skeleton3D" parent_id_path=PackedInt32Array(111352344) index="7" unique_id=716232589]
transform = Transform3D(0.058036078, -0.64679873, 0.7604491, 0.026799396, -0.760449, -0.648844, 0.9979545, 0.058035903, -0.026799599, -1.4150515, 4.402683, -1.2052085)

[node name="Foot_l" parent="Armature/Skeleton3D" parent_id_path=PackedInt32Array(111352344) index="9" unique_id=457221350]
transform = Transform3D(0.0097486675, 0.0054463074, -0.99993753, -0.83522063, -0.5498022, -0.011137374, -0.5498388, 0.835292, -0.00081091456, 1.327848, -10.038237, -0.68177)

[node name="Lower Leg_l" parent="Armature/Skeleton3D" parent_id_path=PackedInt32Array(111352344) index="10" unique_id=1402989357]
transform = Transform3D(0.0010054937, 0.04068761, -0.9991714, -0.017466947, -0.9990187, -0.04069897, -0.9998649, 0.017493187, -0.00029377057, 1.1207056, -4.9521933, -0.7708285)

[node name="Upper Leg_l" parent="Armature/Skeleton3D" parent_id_path=PackedInt32Array(111352344) index="11" unique_id=1590819314]
transform = Transform3D(0.0009790238, 0.040975943, -0.99915963, -0.014675628, -0.9990519, -0.04098591, -0.9999097, 0.014703162, -0.00037670135, 0.93789095, -0.4949112, -0.83642685)

[node name="Foot_r" parent="Armature/Skeleton3D" parent_id_path=PackedInt32Array(111352344) index="12" unique_id=1588531440]
transform = Transform3D(-0.007789582, -0.004036151, -0.9999615, -0.83446413, -0.55099344, 0.0087243505, -0.5510177, 0.8345146, 0.0009239281, -1.3277265, -10.039547, -0.6802521)

[node name="Lower Leg_r" parent="Armature/Skeleton3D" parent_id_path=PackedInt32Array(111352344) index="13" unique_id=938822076]
transform = Transform3D(-0.0010643553, -0.03827646, -0.9992667, -0.01605883, -0.99913776, 0.038288623, -0.99988836, 0.016087499, 0.00044871581, -1.1328596, -4.952898, -0.76215416)

[node name="Upper Leg_r" parent="Armature/Skeleton3D" parent_id_path=PackedInt32Array(111352344) index="14" unique_id=1681100318]
transform = Transform3D(-0.0010672999, -0.036094025, -0.99934787, -0.016620018, -0.9992099, 0.036106784, -0.9998792, 0.016647417, 0.00046652555, -0.9718256, -0.4949112, -0.83642685)

[node name="Left Arm IK" type="CCDIK3D" parent="Armature/Skeleton3D" parent_id_path=PackedInt32Array(111352344) index="16" unique_id=149266175]
setting_count = 1
settings/0/target_node = NodePath("../../../Left Arm Target")
settings/0/root_bone_name = "Upper Arm.l"
settings/0/root_bone = 4
settings/0/end_bone_name = "Hand.l"
settings/0/end_bone = 6
settings/0/extend_end_bone = false
settings/0/joint_count = 3
settings/0/joints/0/rotation_axis = 3
settings/0/joints/0/limitation = SubResource("JointLimitationCone3D_cd8uv")
settings/0/joints/0/limitation/right_axis = 0
settings/0/joints/0/limitation/rotation_offset = Quaternion(0, 0, 0, 1)
settings/0/joints/1/rotation_axis = 3
settings/0/joints/1/limitation = SubResource("JointLimitationCone3D_e2y4b")
settings/0/joints/1/limitation/right_axis = 0
settings/0/joints/1/limitation/rotation_offset = Quaternion(0, 0, 0, 1)
settings/0/joints/2/rotation_axis = 3
settings/0/joints/2/limitation = SubResource("JointLimitationCone3D_5lhmr")
settings/0/joints/2/limitation/right_axis = 0
settings/0/joints/2/limitation/rotation_offset = Quaternion(0, 0, 0, 1)

[node name="Right Arm IK" type="CCDIK3D" parent="Armature/Skeleton3D" parent_id_path=PackedInt32Array(111352344) index="17" unique_id=82663340]
setting_count = 1
settings/0/target_node = NodePath("../../../Right Arm Target")
settings/0/root_bone_name = "Upper Arm.r"
settings/0/root_bone = 7
settings/0/end_bone_name = "Hand.r"
settings/0/end_bone = 9
settings/0/extend_end_bone = false
settings/0/joint_count = 3
settings/0/joints/0/rotation_axis = 3
settings/0/joints/0/limitation = SubResource("JointLimitationCone3D_3eua4")
settings/0/joints/0/limitation/right_axis = 0
settings/0/joints/0/limitation/rotation_offset = Quaternion(0, 0, 0, 1)
settings/0/joints/1/rotation_axis = 3
settings/0/joints/1/limitation = SubResource("JointLimitationCone3D_7xxjt")
settings/0/joints/1/limitation/right_axis = 0
settings/0/joints/1/limitation/rotation_offset = Quaternion(0, 0, 0, 1)
settings/0/joints/2/rotation_axis = 3
settings/0/joints/2/limitation = null

[node name="Left Leg IK" type="CCDIK3D" parent="Armature/Skeleton3D" parent_id_path=PackedInt32Array(111352344) index="18" unique_id=2137619909]
transform = Transform3D(1, 0, 0, 0, 1, 0, 0, 0, 1, 0, 0.37469006, 4.4098496)
setting_count = 1
settings/0/target_node = NodePath("../../../Left Leg Target")
settings/0/root_bone_name = "Upper Leg.l"
settings/0/root_bone = 10
settings/0/end_bone_name = "Foot.l"
settings/0/end_bone = 12
settings/0/extend_end_bone = false
settings/0/joint_count = 3
settings/0/joints/0/rotation_axis = 3
settings/0/joints/0/limitation = null
settings/0/joints/1/rotation_axis = 3
settings/0/joints/1/limitation = null
settings/0/joints/2/rotation_axis = 3
settings/0/joints/2/limitation = null

[node name="Right Leg IK" type="CCDIK3D" parent="Armature/Skeleton3D" parent_id_path=PackedInt32Array(111352344) index="19" unique_id=2007280711]
setting_count = 1
settings/0/target_node = NodePath("../../../Right Leg Target")
settings/0/root_bone_name = "Upper Leg.r"
settings/0/root_bone = 13
settings/0/end_bone_name = "Foot.r"
settings/0/end_bone = 15
settings/0/extend_end_bone = false
settings/0/joint_count = 3
settings/0/joints/0/rotation_axis = 3
settings/0/joints/0/limitation = null
settings/0/joints/1/rotation_axis = 3
settings/0/joints/1/limitation = null
settings/0/joints/2/rotation_axis = 3
settings/0/joints/2/limitation = null

[node name="AnimationPlayer" type="AnimationPlayer" parent="." index="4" unique_id=899165183]
libraries/ = SubResource("AnimationLibrary_e2y4b")

[node name="Label3D" type="Label3D" parent="." index="5" unique_id=120455628]

[node name="Area3D" type="Area3D" parent="." index="6" unique_id=538554726]

[node name="CollisionShape3D" type="CollisionShape3D" parent="Area3D" index="0" unique_id=707522107]
transform = Transform3D(1, 0, 0, 0, 1, 0, 0, 0, 1, 0.036254883, 9.679023, -0.40126038)
shape = SubResource("BoxShape3D_e2y4b")

[node name="Left Arm Target" type="Node3D" parent="." index="7" unique_id=471309025]
transform = Transform3D(1, 0, 0, 0, 1, 0, 0, 0, 1, 3.214, 9.904, -0.084)

[node name="Right Arm Target" type="Node3D" parent="." index="8" unique_id=617302750]
transform = Transform3D(1, 0, 0, 0, 1, 0, 0, 0, 1, -3.214, 9.904, -0.084)

[node name="Left Leg Target" type="Node3D" parent="." index="9" unique_id=134990272]
transform = Transform3D(1, 0, 0, 0, 1, 0, 0, 0, 1, 1.3683391, 0, 0)

[node name="Right Leg Target" type="Node3D" parent="." index="10" unique_id=921146363]
transform = Transform3D(1, 0, 0, 0, 1, 0, 0, 0, 1, -1.368, 0, 0)
