[gd_scene format=3 uid="uid://2umtxl6w0bt2"]

[ext_resource type="Script" uid="uid://cugl3nsf5vtlu" path="res://Scripts/Player/player.gd" id="1_v31dq"]
[ext_resource type="PackedScene" uid="uid://cmig72j5xmifs" path="res://Scenes/Player/stonemann.tscn" id="2_rqdus"]
[ext_resource type="PackedScene" uid="uid://d3xlqucrpd30n" path="res://Scenes/Player/stoneheadn.tscn" id="3_aag71"]

[sub_resource type="BoxShape3D" id="BoxShape3D_8j60k"]
size = Vector3(0.49902344, 0.9880371, 0.8925781)

[sub_resource type="BoxShape3D" id="BoxShape3D_xpcdj"]
size = Vector3(0.23657227, 0.107177734, 0.13531494)

[sub_resource type="BoxShape3D" id="BoxShape3D_mtuoh"]
size = Vector3(0.27319336, 0.43933105, 0.13171387)

[sub_resource type="BoxShape3D" id="BoxShape3D_htcer"]
size = Vector3(0.10449219, 0.056152344, 0.08886719)

[sub_resource type="SphereShape3D" id="SphereShape3D_fo5ed"]
radius = 0.1

[sub_resource type="SphereShape3D" id="SphereShape3D_5ukr8"]

[sub_resource type="StandardMaterial3D" id="StandardMaterial3D_o06y3"]
albedo_color = Color(1, 0, 0, 1)

[sub_resource type="BoxShape3D" id="BoxShape3D_dd0ac"]
size = Vector3(0.086, 0.284, 0.086)

[sub_resource type="BoxShape3D" id="BoxShape3D_0u5uq"]
size = Vector3(0.086, 0.393, 0.086)

[sub_resource type="BoxShape3D" id="BoxShape3D_jlvik"]
size = Vector3(0.08569336, 0.28359985, 0.08496094)

[sub_resource type="BoxShape3D" id="BoxShape3D_gk6dx"]
size = Vector3(0.08569336, 0.3930664, 0.08618164)

[sub_resource type="BoxShape3D" id="BoxShape3D_jhyir"]
size = Vector3(0.12792969, 0.28735352, 0.10784912)

[sub_resource type="BoxShape3D" id="BoxShape3D_74mp2"]
size = Vector3(0.09, 0.48, 0.099)

[sub_resource type="BoxShape3D" id="BoxShape3D_06tpx"]
size = Vector3(0.12792969, 0.28735352, 0.107666016)

[sub_resource type="BoxShape3D" id="BoxShape3D_oikmp"]
size = Vector3(0.08984375, 0.4802246, 0.09863281)

[sub_resource type="SceneReplicationConfig" id="SceneReplicationConfig_6t5aa"]
properties/0/path = NodePath(".:position")
properties/0/spawn = true
properties/0/replication_mode = 1
properties/1/path = NodePath("Head/Camera3D:rotation")
properties/1/spawn = true
properties/1/replication_mode = 1
properties/2/path = NodePath("Head:rotation")
properties/2/spawn = true
properties/2/replication_mode = 1
properties/3/path = NodePath("Head/Stoneman/Left Arm Target:position")
properties/3/spawn = true
properties/3/replication_mode = 1
properties/4/path = NodePath("Head/Stoneman/Right Arm Target:position")
properties/4/spawn = true
properties/4/replication_mode = 1

[node name="Playern" type="CharacterBody3D" unique_id=1288706838]
collision_layer = 10
collision_mask = 7
script = ExtResource("1_v31dq")

[node name="CollisionShape3D" type="CollisionShape3D" parent="." unique_id=1932185389]
transform = Transform3D(0.6625481, 0, 0, 0, 1.7481909, 0, 0, 0, 0.2394429, 0, 0.90595007, -0.017046168)
shape = SubResource("BoxShape3D_8j60k")

[node name="Head" type="Node3D" parent="." unique_id=310455427]

[node name="Stoneman" parent="Head" unique_id=316174631 instance=ExtResource("2_rqdus")]
transform = Transform3D(-0.091, 0, -7.955473e-09, 0, 0.091, 0, 7.955473e-09, 0, -0.091, 0, 0.042, 0)

[node name="Skeleton3D" parent="Head/Stoneman/Armature" parent_id_path=PackedInt32Array(316174631, 978121707) index="0" unique_id=113269987]
bones/0/bone_meta/asd = false
bones/2/rest = Transform3D(1, -1.1134409e-08, 2.6022903e-10, 1.11344125e-08, 0.99890894, -0.046701122, 2.6004426e-10, 0.04670112, 0.99890906, 5.6985527e-12, 4.357776, -1.4808791e-08)
bones/4/rest = Transform3D(0, 1, -2.3469327e-07, -0.99890894, 0, -0.046701036, -0.04670104, 2.3469329e-07, 0.9989089, 1.3811173, 3.0295923, -0.037731692)
bones/5/rest = Transform3D(1, 6.531654e-12, 2.733188e-09, -6.5316546e-12, 0.99999994, 1.3973533e-10, -2.733188e-09, -1.3973532e-10, 1, -9.960468e-07, 3.5916436, 2.19258e-08)
bones/7/rest = Transform3D(0, -0.9999998, -2.9802319e-08, -0.046701156, 0, -0.99890876, 0.9989087, 2.9802317e-08, -0.04670119, -1.4150515, 3.0295923, -0.03773236)
bones/8/rest = Transform3D(1, 1.3969628e-10, 2.7818174e-08, -1.3969628e-10, 1, 6.5299086e-12, -2.7818174e-08, -6.529912e-12, 1, -2.9749174e-08, 3.5916448, -8.5880083e-07)
bones/10/rest = Transform3D(2.9802857e-07, 0.09204949, -0.9957545, 8.568321e-07, -0.9957545, -0.09204949, -1.0000179, -8.2701445e-07, -3.5762787e-07, 0.93789095, -0.4949112, 0.18960547)
bones/12/rest = Transform3D(0.56434286, -0.8255406, -5.0291415e-08, 0.8251794, 0.56409615, -0.029572813, 0.024413584, 0.016689168, 0.99956256, 4.079425e-09, 5.0910387, -1.0137701e-07)
bones/13/rest = Transform3D(1.1921142e-07, -0.09204943, -0.9957545, -8.4193067e-07, -0.9957545, 0.09204943, -1.0000179, 8.2701445e-07, -2.3841858e-07, -0.9718256, -0.4949112, 0.18960547)
bones/15/rest = Transform3D(0.56434476, -0.82553935, 3.473833e-07, 0.82517815, 0.564098, 0.029573018, -0.024413884, -0.016689094, 0.99956256, -5.4989613e-10, 5.0910387, -2.7377272e-08)

[node name="PhysicalBone3D" type="PhysicalBone3D" parent="Head/Stoneman/Armature/Skeleton3D/Head" parent_id_path=PackedInt32Array(316174631, 1295055446) index="1" unique_id=896746849]

[node name="Hand_l" parent="Head/Stoneman/Armature/Skeleton3D" index="2" unique_id=1754266576]
transform = Transform3D(-0.99700284, -0.019033717, -0.074985914, 0.013301701, -0.99700266, 0.07621181, -0.07621178, 0.07498595, 0.99426794, 2.95134, -1.7164743, -0.7449782)

[node name="Lower Arm_l" parent="Head/Stoneman/Armature/Skeleton3D" index="3" unique_id=1143687063]
transform = Transform3D(-0.99700284, -0.019033717, -0.074985914, 0.013301701, -0.99700266, 0.07621181, -0.07621178, 0.07498595, 0.99426794, 3.0071936, 1.2092383, -0.96502507)

[node name="Upper Arm_l" parent="Head/Stoneman/Armature/Skeleton3D" index="4" unique_id=218116309]
transform = Transform3D(-0.889132, 0.4527385, -0.066872805, -0.45581675, -0.8891319, 0.040928785, -0.04092873, 0.06687284, 0.9969216, 1.3811173, 4.402683, -1.2052085)

[node name="Hand_r" parent="Head/Stoneman/Armature/Skeleton3D" index="5" unique_id=1556121723]
transform = Transform3D(0.07497901, 0.023556292, 0.99690676, 0.076549985, -0.99690664, 0.017798811, 0.9942423, 0.07497866, -0.07655034, -2.960237, -1.7221222, -0.74455315)

[node name="Lower Arm_r" parent="Head/Stoneman/Armature/Skeleton3D" index="6" unique_id=892046630]
transform = Transform3D(0.07497901, 0.023556292, 0.99690676, 0.076549985, -0.99690664, 0.017798811, 0.9942423, 0.07497866, -0.07655034, -3.0293622, 1.2033072, -0.96457857)

[node name="Upper Arm_r" parent="Head/Stoneman/Armature/Skeleton3D" index="7" unique_id=2058329911]
transform = Transform3D(0.066997334, -0.44946256, 0.89078313, 0.04117374, -0.890783, -0.45255926, 0.99690306, 0.066997156, -0.04117407, -1.4150515, 4.402683, -1.2052085)

[node name="Foot_l" parent="Head/Stoneman/Armature/Skeleton3D" index="9" unique_id=1072799913]
transform = Transform3D(0.007833375, 0.012919759, -0.99988586, -0.19075869, -0.9815378, -0.014176579, -0.9816229, 0.19083701, -0.0052231904, 1.5319729, -8.15369, -2.5571778)

[node name="Lower Leg_l" parent="Head/Stoneman/Armature/Skeleton3D" index="10" unique_id=941961325]
transform = Transform3D(-0.0062450245, 0.043321364, -0.99904174, 0.70264584, -0.71067244, -0.035208527, -0.71151555, -0.7022102, -0.02600093, 1.311422, -4.5356293, 1.0178015)

[node name="Upper Leg_l" parent="Head/Stoneman/Armature/Skeleton3D" index="11" unique_id=1074568472]
transform = Transform3D(0.03825727, 0.08372298, -0.9957544, -0.41384825, -0.9056835, -0.09204948, -0.9095613, 0.41560537, -3.5762787e-07, 0.93789095, -0.4949112, -0.83642685)

[node name="Foot_r" parent="Head/Stoneman/Armature/Skeleton3D" index="12" unique_id=2027831050]
transform = Transform3D(0.00023403391, -0.0008720476, -0.9999996, -0.7338218, -0.6793422, 0.00042063557, -0.67935574, 0.7338332, -0.0007992727, -1.5339261, -9.964063, -1.3306463)

[node name="Lower Leg_r" parent="Head/Stoneman/Armature/Skeleton3D" index="13" unique_id=1716088009]
transform = Transform3D(0.0008516377, -0.02987181, -0.99955344, 0.14669508, -0.9887368, 0.029673498, -0.9891988, -0.14665942, 0.003539781, -1.3818476, -4.9303656, -0.5839975)

[node name="Upper Leg_r" parent="Head/Stoneman/Armature/Skeleton3D" index="14" unique_id=1116148955]
transform = Transform3D(-0.0052081086, -0.091902, -0.9957545, -0.05634014, -0.99415946, 0.092049435, -0.99841607, 0.05657932, -2.3841858e-07, -0.9718256, -0.4949112, -0.83642685)

[node name="PhysicalBoneSimulator3D" type="PhysicalBoneSimulator3D" parent="Head/Stoneman/Armature/Skeleton3D" index="20" unique_id=604623293]

[node name="Physical Bone Lower Chest" type="PhysicalBone3D" parent="Head/Stoneman/Armature/Skeleton3D/PhysicalBoneSimulator3D" unique_id=1124639518]
transform = Transform3D(10.989011, -2.6147973e-12, 0, 0, 0, -10.989011, 2.6147973e-12, 10.989011, 0, -2.910383e-11, 0.6890793, -1.0260322)
collision_layer = 16
collision_mask = 17
joint_offset = Transform3D(1, 0, 0, 0, 1, 0, 0, 0, 1, -1.8517702e-21, -8.136035e-09, 0.062706225)
body_offset = Transform3D(10.98901, -2.5011104e-12, 0, 0, 0, -10.98901, 2.5011104e-12, 10.98901, 0, 0, 0.6890793, 8.940697e-08)
can_sleep = false
bone_name = "Lower Chest"

[node name="CollisionShape3D" type="CollisionShape3D" parent="Head/Stoneman/Armature/Skeleton3D/PhysicalBoneSimulator3D/Physical Bone Lower Chest" unique_id=167814923]
transform = Transform3D(1, 0, 0, 0, 0, 1, 0, -1, 0, -1.0913936e-11, 0.023284916, 0)
shape = SubResource("BoxShape3D_xpcdj")

[node name="Physical Bone Upper Chest" type="PhysicalBone3D" parent="Head/Stoneman/Armature/Skeleton3D/PhysicalBoneSimulator3D" unique_id=8353669]
transform = Transform3D(10.989011, 2.619984e-06, -1.43494105e-11, -1.2237052e-07, 0.51319915, -10.977021, -2.6171244e-06, 10.97702, 0.51319915, 1.5327969e-05, 3.5546694, -1.1277887)
collision_layer = 16
collision_mask = 17
joint_type = 1
joint_offset = Transform3D(1, 0, 0, 0, 1, 0, 0, 0, 1, -1.3948478e-06, -9.211503e-09, 0.19827874)
body_offset = Transform3D(10.98901, 4.5474735e-13, -1.4367174e-11, -1.4367174e-11, 5.9604645e-08, -10.989012, -2.2737368e-13, 10.989012, 5.9604645e-08, 1.5327998e-05, 2.1788874, 8.940697e-08)
can_sleep = false
bone_name = "Upper Chest"
joint_constraints/bias = 0.3
joint_constraints/damping = 1.0
joint_constraints/impulse_clamp = 0.0

[node name="CollisionShape3D" type="CollisionShape3D" parent="Head/Stoneman/Armature/Skeleton3D/PhysicalBoneSimulator3D/Physical Bone Upper Chest" unique_id=1145238524]
transform = Transform3D(0.9999988, -4.565237e-13, 8.697043e-12, -8.7538865e-12, -1.7099082e-06, 1, 5.151435e-14, -1, 0, -5.0167728e-09, 0.016052287, 0.048461795)
shape = SubResource("BoxShape3D_mtuoh")

[node name="Nametag" type="Label3D" parent="Head/Stoneman/Armature/Skeleton3D/PhysicalBoneSimulator3D/Physical Bone Upper Chest" unique_id=134424867]
transform = Transform3D(1, -2.89564e-07, 1.2657245e-14, 0, -4.371139e-08, -1, 2.89564e-07, 1, -4.371139e-08, -0.00052925554, 0.11734857, -1.3522203)
billboard = 1

[node name="Physical Bone Neck" type="PhysicalBone3D" parent="Head/Stoneman/Armature/Skeleton3D/PhysicalBoneSimulator3D" unique_id=1178001620]
transform = Transform3D(10.989011, 2.6199841e-06, 8.12295e-10, 8.1227597e-10, 7.970885e-08, -10.989011, -2.6199841e-06, 10.989011, 7.970885e-08, -2.910383e-11, 5.965534, -1.2295454)
collision_layer = 16
collision_mask = 17
joint_type = 1
joint_offset = Transform3D(1, 0, 0, 0, 1, 0, 0, 0, 1, -1.5763914e-12, -2.3413615e-10, 0.021326214)
body_offset = Transform3D(10.989011, -2.2737368e-13, 8.122858e-10, 8.1231183e-10, -2.1656419e-09, -10.989012, 4.5474735e-13, 10.989008, 1.2064608e-07, 0, 0.23435402, 0)
can_sleep = false
bone_name = "Neck"
joint_constraints/bias = 0.3
joint_constraints/damping = 1.0
joint_constraints/impulse_clamp = 0.0

[node name="CollisionShape3D" type="CollisionShape3D" parent="Head/Stoneman/Armature/Skeleton3D/PhysicalBoneSimulator3D/Physical Bone Neck" unique_id=894007638]
transform = Transform3D(1, -2.6709066e-18, 0, 0, 0, 1, 2.6709066e-18, -1, 0, 0, 0, -0.0012207031)
shape = SubResource("BoxShape3D_htcer")

[node name="Camera3D" type="Camera3D" parent="Head/Stoneman/Armature/Skeleton3D/PhysicalBoneSimulator3D/Physical Bone Neck" unique_id=1606156339]
transform = Transform3D(-1.0000001, -8.676959e-07, 3.2584384e-07, -3.2584384e-07, 3.4085201e-09, -1.0000001, 8.676959e-07, -1.0000001, -3.408803e-09, -9.1015405e-05, 0.05783637, -0.05654764)
v_offset = 0.085

[node name="Stonehead" parent="Head/Stoneman/Armature/Skeleton3D/PhysicalBoneSimulator3D/Physical Bone Neck/Camera3D" unique_id=1469678934 instance=ExtResource("3_aag71")]

[node name="ObjectGrabberShapeCast" type="ShapeCast3D" parent="Head/Stoneman/Armature/Skeleton3D/PhysicalBoneSimulator3D/Physical Bone Neck/Camera3D" unique_id=1360882520]
transform = Transform3D(1, 0, 0, 0, 1, 0, 0, 0, 1, 0, 0.011269331, 0)
shape = SubResource("SphereShape3D_fo5ed")
target_position = Vector3(0, 0, -2)
collision_mask = 5

[node name="SpringArm3D" type="SpringArm3D" parent="Head/Stoneman/Armature/Skeleton3D/PhysicalBoneSimulator3D/Physical Bone Neck/Camera3D" unique_id=79056542]
transform = Transform3D(1, 0, 0, 0, -0.9396926, -0.34202015, 0, 0.34202015, -0.9396926, 0, 0.08156812, 0)
shape = SubResource("SphereShape3D_5ukr8")
spring_length = 0.6

[node name="CSGSphere3D" type="CSGSphere3D" parent="Head/Stoneman/Armature/Skeleton3D/PhysicalBoneSimulator3D/Physical Bone Neck/Camera3D/SpringArm3D" unique_id=452235644]
visible = false
radius = 0.05
material = SubResource("StandardMaterial3D_o06y3")

[node name="GrabbedAnchor" type="Marker3D" parent="Head/Stoneman/Armature/Skeleton3D/PhysicalBoneSimulator3D/Physical Bone Neck/Camera3D/SpringArm3D" unique_id=1598422682]

[node name="Physical Bone Upper Arm_l" type="PhysicalBone3D" parent="Head/Stoneman/Armature/Skeleton3D/PhysicalBoneSimulator3D" unique_id=1435480406]
transform = Transform3D(-9.770736, -0.7348658, -4.9750443, -5.0088716, 0.44976637, 9.770737, -0.44977412, 10.955184, -0.73486114, 2.175555, 2.8016367, -1.0782545)
collision_layer = 16
collision_mask = 17
joint_type = 1
joint_offset = Transform3D(1, 0, 0, 0, 1, 0, 0, 0, 1, -0.0016569528, -0.0007196373, 0.16304506)
body_offset = Transform3D(10.989013, -8.940697e-08, -0.000118382275, -0.00011697598, 6.556511e-07, -10.989013, 5.9604645e-08, 10.989013, 5.364418e-07, 0.018227577, 1.7917042, 0.007908016)
can_sleep = false
bone_name = "Upper Arm.l"
joint_constraints/bias = 0.3
joint_constraints/damping = 1.0
joint_constraints/impulse_clamp = 0.0

[node name="CollisionShape3D" type="CollisionShape3D" parent="Head/Stoneman/Armature/Skeleton3D/PhysicalBoneSimulator3D/Physical Bone Upper Arm_l" unique_id=2092209490]
transform = Transform3D(1, 5.2738442e-11, 0, 0, -4.3712816e-08, 1, 5.2761108e-11, -1, -4.3712816e-08, 0, 0, -0.017)
shape = SubResource("BoxShape3D_dd0ac")

[node name="Physical Bone Lower Arm_l" type="PhysicalBone3D" parent="Head/Stoneman/Armature/Skeleton3D/PhysicalBoneSimulator3D" unique_id=1658461145]
transform = Transform3D(-10.956173, -0.82273084, 0.20920914, 0.14626932, 0.8381222, 10.956026, -0.8362176, 10.926071, -0.8246667, 2.9718945, -0.25599384, -0.8500627)
collision_layer = 16
collision_mask = 17
joint_type = 1
joint_offset = Transform3D(1, 0, 0, 0, 1, 0, 0, 0, 1, -0.0006317738, -0.0004727203, 0.1337821)
body_offset = Transform3D(10.989013, -0.0012815595, 1.2665987e-06, 9.23872e-07, -0.00064867735, -10.989012, 0.0012818575, 10.989012, -0.00064861774, 0.0069417953, 1.4701328, 0.0052823126)
can_sleep = false
bone_name = "Lower Arm.l"
joint_constraints/bias = 0.3
joint_constraints/damping = 1.0
joint_constraints/impulse_clamp = 0.0

[node name="CollisionShape3D" type="CollisionShape3D" parent="Head/Stoneman/Armature/Skeleton3D/PhysicalBoneSimulator3D/Physical Bone Lower Arm_l" unique_id=686477227]
transform = Transform3D(1, -5.251966e-12, -2.2957072e-19, 0, -4.371139e-08, 1, -5.251966e-12, -1, -4.371139e-08, 0, 0, -0.06)
shape = SubResource("BoxShape3D_0u5uq")

[node name="Physical Bone Upper Arm_r" type="PhysicalBone3D" parent="Head/Stoneman/Armature/Skeleton3D/PhysicalBoneSimulator3D" unique_id=1583473491]
transform = Transform3D(0.73754436, 9.788627, 4.9393506, 0.45271835, -4.9734797, 9.788662, 10.954883, -0.45349285, -0.7370683, -2.2308676, 2.7999945, -1.081316)
collision_layer = 16
collision_mask = 17
joint_type = 1
joint_offset = Transform3D(1, 0, 0, 0, 1, 0, 0, 0, 1, -0.00024809325, 0.00058761, 0.16403921)
body_offset = Transform3D(10.989014, -0.0010532737, -0.0008265972, -0.0008265376, 0.00028877892, -10.989012, 0.0010533035, 10.989012, 0.00028692558, 0.002862513, 1.8026285, -0.006504059)
can_sleep = false
bone_name = "Upper Arm.r"
joint_constraints/bias = 0.3
joint_constraints/damping = 1.0
joint_constraints/impulse_clamp = 0.0

[node name="CollisionShape3D" type="CollisionShape3D" parent="Head/Stoneman/Armature/Skeleton3D/PhysicalBoneSimulator3D/Physical Bone Upper Arm_r" unique_id=75983347]
transform = Transform3D(1, 0, -1.4142643e-10, 1.4142643e-10, -3.5379533e-11, 1, 0, -1, -3.5333188e-11, 3.7252903e-09, -1.1920929e-07, -0.016525269)
shape = SubResource("BoxShape3D_jlvik")

[node name="Physical Bone Lower Arm_r" type="PhysicalBone3D" parent="Head/Stoneman/Armature/Skeleton3D/PhysicalBoneSimulator3D" unique_id=2124440220]
transform = Transform3D(0.8261936, 10.954845, -0.25907892, 0.84142846, 0.1956237, 10.955003, 10.925555, -0.8434745, -0.8241046, -2.9877958, -0.25849533, -0.8518251)
collision_layer = 16
collision_mask = 17
joint_type = 1
joint_offset = Transform3D(1, 0, 0, 0, 1, 0, 0, 0, 1, -0.00030004245, -0.0006151497, 0.13347106)
body_offset = Transform3D(10.989013, -0.0022594333, -0.00018018484, -0.00018006563, -0.0002059415, -10.989012, 0.0022595525, 10.989011, -0.00020566583, 0.0033198297, 1.4667149, 0.0067880154)
can_sleep = false
bone_name = "Lower Arm.r"
joint_constraints/bias = 0.3
joint_constraints/damping = 1.0
joint_constraints/impulse_clamp = 0.0

[node name="CollisionShape3D" type="CollisionShape3D" parent="Head/Stoneman/Armature/Skeleton3D/PhysicalBoneSimulator3D/Physical Bone Lower Arm_r" unique_id=102137167]
transform = Transform3D(1, 0, -5.7571015e-10, 5.7571015e-10, 6.6492534e-11, 1, 0, -1, 6.652132e-11, 0, 0, -0.059814453)
shape = SubResource("BoxShape3D_gk6dx")

[node name="Physical Bone Upper Leg_l" type="PhysicalBone3D" parent="Head/Stoneman/Armature/Skeleton3D/PhysicalBoneSimulator3D" unique_id=192817731]
transform = Transform3D(0.4206929, -10.942345, -0.92003495, -4.5482545, -1.0116553, 9.952301, -9.994736, -0.00021022427, -4.5676694, 1.1251756, -2.4992905, 0.09094256)
collision_layer = 16
collision_mask = 17
joint_type = 1
joint_offset = Transform3D(1, 0, 0, 0, 1, 0, 0, 0, 1, 0.0006094215, 0.00018041994, 0.20169547)
body_offset = Transform3D(10.988816, 0.00023863468, 0.0006351471, 0.0006351471, 2.6202215e-05, -10.989012, -0.000238643, 10.989012, 2.6393844e-05, -0.0068249702, 2.2164335, -0.001987815)
can_sleep = false
bone_name = "Upper Leg.l"
joint_constraints/bias = 0.3
joint_constraints/damping = 1.0
joint_constraints/impulse_clamp = 0.0

[node name="CollisionShape3D" type="CollisionShape3D" parent="Head/Stoneman/Armature/Skeleton3D/PhysicalBoneSimulator3D/Physical Bone Upper Leg_l" unique_id=2038305065]
transform = Transform3D(1, 4.638423e-11, -1.36424205e-11, -2.2737368e-13, -8.6429804e-07, 1.0000358, -5.456968e-12, -1.0000358, -8.567861e-07, 0, -0.002288878, 0)
shape = SubResource("BoxShape3D_jhyir")

[node name="Physical Bone Lower Leg_l" type="PhysicalBone3D" parent="Head/Stoneman/Armature/Skeleton3D/PhysicalBoneSimulator3D" unique_id=1643172154]
transform = Transform3D(-0.06864191, -10.97848, -0.47605073, 7.721623, -0.38690704, 7.8093023, -7.8185797, -0.28572536, 7.7166405, 1.40738, -6.322344, -0.7612553)
collision_layer = 16
collision_mask = 17
joint_type = 1
joint_offset = Transform3D(1, 0, 0, 0, 1, 0, 0, 0, 1, -0.0008841689, -0.0012101971, 0.22960742)
body_offset = Transform3D(10.988985, 4.61936e-07, -0.0002322197, -0.00036287308, 6.7055225e-07, -10.988839, -2.9802322e-07, 10.989011, 5.2154064e-07, 0.00976944, 2.523119, 0.01329875)
can_sleep = false
bone_name = "Lower Leg.l"
joint_constraints/bias = 0.3
joint_constraints/damping = 1.0
joint_constraints/impulse_clamp = 0.0

[node name="CollisionShape3D" type="CollisionShape3D" parent="Head/Stoneman/Armature/Skeleton3D/PhysicalBoneSimulator3D/Physical Bone Lower Leg_l" unique_id=19589420]
transform = Transform3D(1, -6.3437255e-11, -2.0534685e-12, 0, 5.68107e-07, 1.0000968, 0, -1.0000968, 2.924351e-07, 4.656613e-08, -0.0004657358, -0.08425832)
shape = SubResource("BoxShape3D_74mp2")

[node name="Physical Bone Upper Leg_r" type="PhysicalBone3D" parent="Head/Stoneman/Armature/Skeleton3D/PhysicalBoneSimulator3D" unique_id=717190382]
transform = Transform3D(-0.057469267, -10.942357, 1.0098909, -0.6214518, 1.0115249, 10.924695, -10.971274, 2.1446629e-05, -0.62410337, -1.1772867, -2.6970177, -0.7044801)
collision_layer = 16
collision_mask = 17
joint_type = 1
joint_offset = Transform3D(1, 0, 0, 0, 1, 0, 0, 0, 1, 0.00055741204, -0.00017179853, 0.20161909)
body_offset = Transform3D(10.988814, -2.360323e-05, 0.0023564696, 0.0023562312, 8.777083e-06, -10.989009, 2.1880398e-05, 10.98901, 8.6989885e-06, -0.0066004097, 2.2155924, 0.0018861294)
can_sleep = false
bone_name = "Upper Leg.r"
joint_constraints/bias = 0.3
joint_constraints/damping = 1.0
joint_constraints/impulse_clamp = 0.0

[node name="CollisionShape3D" type="CollisionShape3D" parent="Head/Stoneman/Armature/Skeleton3D/PhysicalBoneSimulator3D/Physical Bone Upper Leg_r" unique_id=1324164291]
transform = Transform3D(0.99998903, 4.0017767e-11, 2.978595e-11, 1.7649882e-11, 5.5135257e-07, 1, -2.2191671e-10, -1, 5.5133336e-07, 5.5879354e-09, -0.0013427734, 0)
shape = SubResource("BoxShape3D_06tpx")

[node name="Physical Bone Lower Leg_r" type="PhysicalBone3D" parent="Head/Stoneman/Armature/Skeleton3D/PhysicalBoneSimulator3D" unique_id=124716393]
transform = Transform3D(0.00933892, -10.984091, 0.32866114, 1.6113603, 0.32647753, 10.865325, -10.870225, 0.03895902, 1.6109165, -1.4604294, -7.191341, -0.9142411)
collision_layer = 16
collision_mask = 17
joint_type = 1
joint_offset = Transform3D(1, 0, 0, 0, 1, 0, 0, 0, 1, 0.00044848354, -0.0009285179, 0.20805234)
body_offset = Transform3D(10.988822, -1.6912818e-06, 0.00073075294, 0.0006533861, -0.00039990013, -10.989001, 5.5879354e-08, 10.98901, -0.00039931154, -0.0050803423, 2.2862868, 0.01028657)
can_sleep = false
bone_name = "Lower Leg.r"
joint_constraints/bias = 0.3
joint_constraints/damping = 1.0
joint_constraints/impulse_clamp = 0.0

[node name="CollisionShape3D" type="CollisionShape3D" parent="Head/Stoneman/Armature/Skeleton3D/PhysicalBoneSimulator3D/Physical Bone Lower Leg_r" unique_id=2000521567]
transform = Transform3D(0.9999853, -1.546141e-11, 2.7029046e-11, 3.0695446e-12, 1.1174297e-08, 1.0000032, 7.412382e-11, -1.0000032, 9.872176e-08, 6.457791e-05, -5.7712197e-05, -0.09997147)
shape = SubResource("BoxShape3D_oikmp")

[node name="Left Arm Target" parent="Head/Stoneman" index="6" unique_id=471309025]
transform = Transform3D(1, 0, 0, 0, 1, 0, 0, 0, 1, 2.917, 7.5653653, 0.055)

[node name="Right Arm Target" parent="Head/Stoneman" index="7" unique_id=617302750]
transform = Transform3D(1, 0, 0, 0, 1, 0, 0, 0, 1, -2.917, 7.5653653, 0.055)

[node name="Left Leg Target" parent="Head/Stoneman" index="8" unique_id=134990272]
transform = Transform3D(1, 0, 0, 0, 1, 0, 0, 0, 1, 0.82080007, 4.2164793, -0.6305828)

[node name="Right Leg Target" parent="Head/Stoneman" index="9" unique_id=921146363]
transform = Transform3D(1, 0, 0, 0, 1, 0, 0, 0, 1, -0.82080007, 3.2603004, -0.3511053)

[node name="LegAnimTree" parent="Head/Stoneman" index="11" unique_id=305721246]
reset_on_save = false

[node name="ArmAnimPlayer" parent="Head/Stoneman" index="12" unique_id=37053031]
reset_on_save = false

[node name="ArmAnimTree" parent="Head/Stoneman" index="13" unique_id=661062360]
reset_on_save = false

[node name="MultiplayerSynchronizer" type="MultiplayerSynchronizer" parent="." unique_id=91604768]
replication_config = SubResource("SceneReplicationConfig_6t5aa")

[connection signal="grabbed" from="." to="Head/Stoneman" method="_on_character_body_3d_grabbed"]

[editable path="Head/Stoneman"]
