[gd_scene format=3 uid="uid://be8qbmt0fe144"]

[ext_resource type="Script" uid="uid://cugl3nsf5vtlu" path="res://Scripts/Player/player.gd" id="1_xpcdj"]
[ext_resource type="PackedScene" uid="uid://d3xlqucrpd30n" path="res://Scenes/Player/stonehead.tscn" id="2_mtuoh"]
[ext_resource type="PackedScene" uid="uid://cmig72j5xmifs" path="res://Scenes/Player/stoneman.tscn" id="3_htcer"]
[ext_resource type="PackedScene" uid="uid://cjhdkv3pjpfvs" path="res://Scenes/Player/player_interaction_scanner.tscn" id="4_mtuoh"]
[ext_resource type="PackedScene" uid="uid://cyqno8xk8nd5s" path="res://Scenes/Player/player_item_manager.tscn" id="5_htcer"]
[ext_resource type="PackedScene" uid="uid://n4qtw8ywlvml" path="res://Scenes/Player/player_animation_handler.tscn" id="6_dd0ac"]
[ext_resource type="PackedScene" uid="uid://dgda32g23vbly" path="res://Scenes/Player/player_body_handler.tscn" id="7_0u5uq"]

[sub_resource type="SceneReplicationConfig" id="SceneReplicationConfig_6t5aa"]
properties/0/path = NodePath(".:position")
properties/0/spawn = true
properties/0/replication_mode = 1
properties/1/path = NodePath("Head/Camera3D:rotation")
properties/1/spawn = true
properties/1/replication_mode = 1
properties/2/path = NodePath("Head:rotation")
properties/2/spawn = true
properties/2/replication_mode = 1
properties/3/path = NodePath("Head/Stoneman/Left Arm Target:position")
properties/3/spawn = true
properties/3/replication_mode = 1
properties/4/path = NodePath("Head/Stoneman/Right Arm Target:position")
properties/4/spawn = true
properties/4/replication_mode = 1

[sub_resource type="BoxShape3D" id="BoxShape3D_8j60k"]
size = Vector3(0.49902344, 0.9880371, 0.8925781)

[sub_resource type="SphereShape3D" id="SphereShape3D_fo5ed"]
radius = 0.1

[sub_resource type="SphereShape3D" id="SphereShape3D_5ukr8"]

[sub_resource type="StandardMaterial3D" id="StandardMaterial3D_o06y3"]
albedo_color = Color(1, 0, 0, 1)

[node name="Player" type="CharacterBody3D" unique_id=83244711]
collision_layer = 34
collision_mask = 7
script = ExtResource("1_xpcdj")

[node name="MultiplayerSynchronizer" type="MultiplayerSynchronizer" parent="." unique_id=91604768]
replication_config = SubResource("SceneReplicationConfig_6t5aa")

[node name="PlayerInteractionScanner" parent="." unique_id=519672205 node_paths=PackedStringArray("player_ref", "object_shape_cast") instance=ExtResource("4_mtuoh")]
player_ref = NodePath("..")
object_shape_cast = NodePath("../Head/Camera3D/ObjectGrabberShapeCast")

[node name="PlayerItemManager" parent="." unique_id=1707946641 node_paths=PackedStringArray("player_ref") instance=ExtResource("5_htcer")]
player_ref = NodePath("..")

[node name="PlayerAnimationHandler" parent="." unique_id=2014501900 node_paths=PackedStringArray("player_ref") instance=ExtResource("6_dd0ac")]
player_ref = NodePath("..")

[node name="PlayerBodyHandler" parent="." unique_id=1888441975 node_paths=PackedStringArray("player_ref") instance=ExtResource("7_0u5uq")]
player_ref = NodePath("..")

[node name="GPUParticlesCollisionBox3D" type="GPUParticlesCollisionBox3D" parent="." unique_id=2126744791]
transform = Transform3D(1, 0, 0, 0, 1, 0, 0, 0, 1, 0, 0.9, 0)
size = Vector3(0.3, 1.8, 0.3)

[node name="CollisionShape3D" type="CollisionShape3D" parent="." unique_id=1932185389]
transform = Transform3D(0.6625481, 0, 0, 0, 1.7481909, 0, 0, 0, 0.2394429, 0, 0.90595007, -0.017046168)
shape = SubResource("BoxShape3D_8j60k")

[node name="Head" type="Node3D" parent="." unique_id=310455427]

[node name="Camera3D" type="Camera3D" parent="Head" unique_id=1606156339]
transform = Transform3D(1, 0, 0, 0, 1, 0, 0, 0, 1, 0, 1.6523324, -0.019332029)
v_offset = 0.085
current = true

[node name="Stonehead" parent="Head/Camera3D" unique_id=1469678934 instance=ExtResource("2_mtuoh")]

[node name="CenterHoldMarker" type="Marker3D" parent="Head/Camera3D/Stonehead" unique_id=28940039]
unique_name_in_owner = true
transform = Transform3D(-0.83779097, -0.6496342, -0.14913286, 0.2968078, -0.14913402, -1.0177535, 0.5967994, -0.83779067, 0.29680848, -1.1958945, -3.4459105, -6.4354687)
gizmo_extents = 1.48

[node name="HipHoldMarker" type="Marker3D" parent="Head/Camera3D/Stonehead" unique_id=553104682]
unique_name_in_owner = true
transform = Transform3D(11.764706, 0, 0, 0, 11.764706, 0, 0, 0, 11.764706, 4.1073623, -3.2907047, -6.2356434)

[node name="ObjectGrabberShapeCast" type="ShapeCast3D" parent="Head/Camera3D" unique_id=1360882520]
transform = Transform3D(1, 0, 0, 0, 1, 0, 0, 0, 1, 0, 0.011269331, 0)
shape = SubResource("SphereShape3D_fo5ed")
target_position = Vector3(0, 0, -2)
collision_mask = 16

[node name="SpringArm3D" type="SpringArm3D" parent="Head/Camera3D" unique_id=79056542]
transform = Transform3D(1, 0, 0, 0, -0.9396926, -0.34202015, 0, 0.34202015, -0.9396926, 0, 0.08156812, 0)
shape = SubResource("SphereShape3D_5ukr8")

[node name="CSGSphere3D" type="CSGSphere3D" parent="Head/Camera3D/SpringArm3D" unique_id=452235644]
transform = Transform3D(1, 0, 0, 0, 0.9916689, -0.12881291, 0, 0.12881291, 0.9916689, 0, 0, 0)
visible = false
radius = 0.05
material = SubResource("StandardMaterial3D_o06y3")

[node name="GrabbedAnchor" type="Marker3D" parent="Head/Camera3D/SpringArm3D" unique_id=1598422682]

[node name="Stoneman" parent="Head" unique_id=316174631 instance=ExtResource("3_htcer")]
transform = Transform3D(-0.091, 0, -7.955473e-09, 0, 0.091, 0, 7.955473e-09, 0, -0.091, 0, 0.042, 0)

[node name="Hand_r" parent="Head/Stoneman/Armature/Skeleton3D" parent_id_path=PackedInt32Array(316174631, 715983050) index="5" unique_id=1436059033]
transform = Transform3D(0.062123735, -0.03371945, 0.9974986, 0.05994659, -0.9974984, -0.037452906, 0.9962664, 0.062123347, -0.05994702, -2.805344, -1.8694708, -0.81458366)

[node name="ItemGrabAnchor" type="Marker3D" parent="Head/Stoneman/Armature/Skeleton3D/Hand_r/Cube_005" parent_id_path=PackedInt32Array(316174631, 2051304979) index="0" unique_id=76234786]
unique_name_in_owner = true
transform = Transform3D(1, -1.8626451e-09, 0, -5.5879354e-09, 0.9999998, 6.0535967e-09, 0, -4.656613e-10, 1, 1.0626888, 0.0065631866, 1.290225)

[node name="Lower Arm_r" parent="Head/Stoneman/Armature/Skeleton3D" parent_id_path=PackedInt32Array(316174631, 715983050) index="6" unique_id=649689457]
transform = Transform3D(0.062123735, -0.03371945, 0.9974986, 0.05994659, -0.9974984, -0.037452906, 0.9962664, 0.062123347, -0.05994702, -2.7063932, 1.0576952, -0.99688506)

[node name="Upper Arm_r" parent="Head/Stoneman/Armature/Skeleton3D" parent_id_path=PackedInt32Array(316174631, 715983050) index="7" unique_id=243567570]
transform = Transform3D(0.05800252, -0.35954028, 0.931325, 0.039733134, -0.93132484, -0.3620148, 0.9975253, 0.05800224, -0.03973359, -1.4150515, 4.402683, -1.2052085)

[node name="Foot_l" parent="Head/Stoneman/Armature/Skeleton3D" parent_id_path=PackedInt32Array(316174631, 715983050) index="9" unique_id=396274797]
transform = Transform3D(0.001824988, 0.004529124, -0.999988, -0.46623376, -0.88464934, -0.004857458, -0.8846785, 0.46623817, 0.00049776677, 1.5103836, -9.334124, -2.2642357)

[node name="Lower Leg_l" parent="Head/Stoneman/Armature/Skeleton3D" parent_id_path=PackedInt32Array(316174631, 715983050) index="10" unique_id=1360580049]
transform = Transform3D(-0.002709005, 0.033633266, -0.9994306, 0.46719804, -0.88361, -0.031001829, -0.88416046, -0.46703014, -0.013319499, 1.3391552, -4.835631, 0.113432825)

[node name="Upper Leg_l" parent="Head/Stoneman/Armature/Skeleton3D" parent_id_path=PackedInt32Array(316174631, 715983050) index="11" unique_id=1922271189]
transform = Transform3D(0.01959806, 0.08993907, -0.9957544, -0.21200071, -0.97292566, -0.09204948, -0.9770913, 0.21290085, -3.5762787e-07, 0.93789095, -0.4949112, -0.83642685)

[node name="Foot_r" parent="Head/Stoneman/Armature/Skeleton3D" parent_id_path=PackedInt32Array(316174631, 715983050) index="12" unique_id=279561999]
transform = Transform3D(-0.005117597, -0.009201115, -0.9999446, -0.28308147, -0.95904315, 0.010273147, -0.95910084, 0.28311163, 0.0023023915, -1.5571691, -8.621831, -2.555204)

[node name="Lower Leg_r" parent="Head/Stoneman/Armature/Skeleton3D" parent_id_path=PackedInt32Array(316174631, 715983050) index="13" unique_id=265641217]
transform = Transform3D(0.0047074445, -0.03898464, -0.99922884, 0.631972, -0.774283, 0.03318533, -0.7749832, -0.6316583, 0.020991886, -1.3586968, -4.6799264, 0.6605929)

[node name="Upper Leg_r" parent="Head/Stoneman/Armature/Skeleton3D" parent_id_path=PackedInt32Array(316174631, 715983050) index="14" unique_id=1692920147]
transform = Transform3D(-0.030886726, -0.08671299, -0.9957545, -0.33412233, -0.9380262, 0.09204941, -0.9420425, 0.3355409, -2.3841858e-07, -0.9718256, -0.4949112, -0.83642685)

[node name="Right Arm Target" parent="Head/Stoneman" index="7" unique_id=617302750]
transform = Transform3D(0.9999999, 0, -4.973799e-14, 0, 0.9999999, 0, 4.973799e-14, 0, 0.9999999, -2.917, 5.917, 0.055)

[node name="Left Leg Target" parent="Head/Stoneman" index="8" unique_id=134990272]
transform = Transform3D(1, 0, 0, 0, 1, 0, 0, 0, 1, 0.90288013, 3.8123236, -0.51575154)

[node name="Right Leg Target" parent="Head/Stoneman" index="9" unique_id=921146363]
transform = Transform3D(1, 0, 0, 0, 1, 0, 0, 0, 1, -0.90288013, 4.066501, -0.590044)

[node name="Nametag" type="Label3D" parent="." unique_id=1452559245]
transform = Transform3D(1, 0, 0, 0, 1, 0, 0, 0, 1, 0, 2.1281512, 0)
billboard = 1
shaded = true
text = "
"

[connection signal="grabbed" from="." to="Head/Stoneman" method="_on_character_body_3d_grabbed"]
[connection signal="drop_item" from="PlayerInteractionScanner" to="PlayerItemManager" method="_on_int_scan_drop_item"]
[connection signal="interacted_external_item" from="PlayerInteractionScanner" to="PlayerItemManager" method="_on_int_scan_interacted_external_item"]
[connection signal="done_interacting" from="PlayerItemManager" to="PlayerInteractionScanner" method="_allow_interaction"]
[connection signal="dropped_item" from="PlayerItemManager" to="PlayerAnimationHandler" method="set_idle_anims"]
[connection signal="grabbed_item" from="PlayerItemManager" to="PlayerAnimationHandler" method="set_grabbed_item_anims"]

[editable path="Head/Stoneman"]
