[gd_scene format=3 uid="uid://be8qbmt0fe144"]

[ext_resource type="Script" uid="uid://cugl3nsf5vtlu" path="res://Scripts/Player/player.gd" id="1_xpcdj"]
[ext_resource type="PackedScene" uid="uid://d3xlqucrpd30n" path="res://Scenes/Player/stonehead.tscn" id="2_mtuoh"]
[ext_resource type="PackedScene" uid="uid://cmig72j5xmifs" path="res://Scenes/Player/stoneman.tscn" id="3_htcer"]
[ext_resource type="PackedScene" uid="uid://cjhdkv3pjpfvs" path="res://Scenes/Player/player_interaction_scanner.tscn" id="4_mtuoh"]
[ext_resource type="PackedScene" uid="uid://cyqno8xk8nd5s" path="res://Scenes/Player/player_item_manager.tscn" id="5_htcer"]
[ext_resource type="PackedScene" uid="uid://n4qtw8ywlvml" path="res://Scenes/Player/player_animation_handler.tscn" id="6_dd0ac"]

[sub_resource type="BoxShape3D" id="BoxShape3D_8j60k"]
size = Vector3(0.49902344, 0.9880371, 0.8925781)

[sub_resource type="SphereShape3D" id="SphereShape3D_fo5ed"]
radius = 0.1

[sub_resource type="SphereShape3D" id="SphereShape3D_5ukr8"]

[sub_resource type="StandardMaterial3D" id="StandardMaterial3D_o06y3"]
albedo_color = Color(1, 0, 0, 1)

[sub_resource type="SceneReplicationConfig" id="SceneReplicationConfig_6t5aa"]
properties/0/path = NodePath(".:position")
properties/0/spawn = true
properties/0/replication_mode = 1
properties/1/path = NodePath("Head/Camera3D:rotation")
properties/1/spawn = true
properties/1/replication_mode = 1
properties/2/path = NodePath("Head:rotation")
properties/2/spawn = true
properties/2/replication_mode = 1
properties/3/path = NodePath("Head/Stoneman/Left Arm Target:position")
properties/3/spawn = true
properties/3/replication_mode = 1
properties/4/path = NodePath("Head/Stoneman/Right Arm Target:position")
properties/4/spawn = true
properties/4/replication_mode = 1

[node name="Player" type="CharacterBody3D" unique_id=1288706838]
collision_layer = 2
collision_mask = 7
script = ExtResource("1_xpcdj")

[node name="Nametag" type="Label3D" parent="." unique_id=1452559245]
transform = Transform3D(1, 0, 0, 0, 1, 0, 0, 0, 1, 0, 2.1281512, 0)
billboard = 1
shaded = true
text = "
"

[node name="CollisionShape3D" type="CollisionShape3D" parent="." unique_id=1932185389]
transform = Transform3D(0.6625481, 0, 0, 0, 1.7481909, 0, 0, 0, 0.2394429, 0, 0.90595007, -0.017046168)
shape = SubResource("BoxShape3D_8j60k")

[node name="Head" type="Node3D" parent="." unique_id=310455427]

[node name="Camera3D" type="Camera3D" parent="Head" unique_id=1606156339]
transform = Transform3D(1, 0, 0, 0, 1, 0, 0, 0, 1, 0, 1.6523324, -0.019332029)
v_offset = 0.085

[node name="Stonehead" parent="Head/Camera3D" unique_id=1469678934 instance=ExtResource("2_mtuoh")]

[node name="ObjectGrabberShapeCast" type="ShapeCast3D" parent="Head/Camera3D" unique_id=1360882520]
transform = Transform3D(1, 0, 0, 0, 1, 0, 0, 0, 1, 0, 0.011269331, 0)
shape = SubResource("SphereShape3D_fo5ed")
target_position = Vector3(0, 0, -2)
collision_mask = 16

[node name="SpringArm3D" type="SpringArm3D" parent="Head/Camera3D" unique_id=79056542]
transform = Transform3D(1, 0, 0, 0, -0.9396926, -0.34202015, 0, 0.34202015, -0.9396926, 0, 0.08156812, 0)
shape = SubResource("SphereShape3D_5ukr8")

[node name="CSGSphere3D" type="CSGSphere3D" parent="Head/Camera3D/SpringArm3D" unique_id=452235644]
transform = Transform3D(1, 0, 0, 0, 0.9916689, -0.12881291, 0, 0.12881291, 0.9916689, 0, 0, 0)
visible = false
radius = 0.05
material = SubResource("StandardMaterial3D_o06y3")

[node name="GrabbedAnchor" type="Marker3D" parent="Head/Camera3D/SpringArm3D" unique_id=1598422682]

[node name="Stoneman" parent="Head" unique_id=316174631 instance=ExtResource("3_htcer")]
transform = Transform3D(-0.091, 0, -7.955473e-09, 0, 0.091, 0, 7.955473e-09, 0, -0.091, 0, 0.042, 0)

[node name="Hand_l" parent="Head/Stoneman/Armature/Skeleton3D" parent_id_path=PackedInt32Array(316174631, 206227268) index="2" unique_id=565729863]
transform = Transform3D(-0.99668884, -0.027829735, -0.07639892, 0.021825831, -0.9966888, 0.078325815, -0.07832574, 0.07639899, 0.993996, 2.9638216, -1.6955302, -0.7377635)

[node name="Lower Arm_l" parent="Head/Stoneman/Armature/Skeleton3D" parent_id_path=PackedInt32Array(316174631, 206227268) index="3" unique_id=1510481874]
transform = Transform3D(-0.99668884, -0.027829735, -0.07639892, 0.021825831, -0.9966888, 0.078325815, -0.07832574, 0.07639899, 0.993996, 3.0454872, 1.2292614, -0.961957)

[node name="Upper Arm_l" parent="Head/Stoneman/Armature/Skeleton3D" parent_id_path=PackedInt32Array(316174631, 206227268) index="4" unique_id=1584593274]
transform = Transform3D(-0.8835571, 0.4634004, -0.06772704, -0.46653482, -0.883557, 0.040891588, -0.040891536, 0.06772708, 0.99686545, 1.3811173, 4.402683, -1.2052085)

[node name="Hand_r" parent="Head/Stoneman/Armature/Skeleton3D" parent_id_path=PackedInt32Array(316174631, 206227268) index="5" unique_id=249814285]
transform = Transform3D(0.0763884, 0.032475322, 0.996549, 0.078679785, -0.996549, 0.026444286, 0.9939688, 0.07638818, -0.07868014, -2.972298, -1.7012572, -0.73732424)

[node name="Lower Arm_r" parent="Head/Stoneman/Armature/Skeleton3D" parent_id_path=PackedInt32Array(316174631, 206227268) index="6" unique_id=1465979569]
transform = Transform3D(0.0763884, 0.032475322, 0.996549, 0.078679785, -0.996549, 0.026444286, 0.9939688, 0.07638818, -0.07868014, -3.0675962, 1.2231226, -0.9614859)

[node name="Upper Arm_r" parent="Head/Stoneman/Armature/Skeleton3D" parent_id_path=PackedInt32Array(316174631, 206227268) index="7" unique_id=1522980184]
transform = Transform3D(0.067858264, -0.46010786, 0.885266, 0.041142482, -0.8852659, -0.46326157, 0.9968462, 0.06785822, -0.041142836, -1.4150515, 4.402683, -1.2052085)

[node name="Foot_l" parent="Head/Stoneman/Armature/Skeleton3D" parent_id_path=PackedInt32Array(316174631, 206227268) index="9" unique_id=916043490]
transform = Transform3D(-0.00024394691, 0.000828363, -0.9999995, -0.73893887, -0.6737723, -0.00037786923, -0.6737857, 0.7389506, 0.00077679986, 1.4998953, -9.970346, -1.3067594)

[node name="Lower Leg_l" parent="Head/Stoneman/Armature/Skeleton3D" parent_id_path=PackedInt32Array(316174631, 206227268) index="10" unique_id=824475882]
transform = Transform3D(-0.00082146656, 0.029838778, -0.9995544, 0.13921133, -0.9898182, -0.029662546, -0.9902798, -0.13917804, -0.0033405973, 1.3479848, -4.9311433, -0.59819865)

[node name="Upper Leg_l" parent="Head/Stoneman/Armature/Skeleton3D" parent_id_path=PackedInt32Array(316174631, 206227268) index="11" unique_id=271076885]
transform = Transform3D(0.004915564, 0.09191815, -0.9957544, -0.053170506, -0.99433374, -0.09204949, -0.99859124, 0.053396292, -2.3841858e-07, 0.93789095, -0.4949112, -0.83642685)

[node name="Foot_r" parent="Head/Stoneman/Armature/Skeleton3D" parent_id_path=PackedInt32Array(316174631, 206227268) index="12" unique_id=100116857]
transform = Transform3D(-0.008233897, -0.013458664, -0.9998755, -0.17999963, -0.9835597, 0.014720775, -0.9836491, 0.18008702, 0.005674975, -1.5670633, -8.091778, -2.5479267)

[node name="Lower Leg_r" parent="Head/Stoneman/Armature/Skeleton3D" parent_id_path=PackedInt32Array(316174631, 206227268) index="13" unique_id=802783861]
transform = Transform3D(0.0064635463, -0.043955777, -0.9990126, 0.7103852, -0.7029204, 0.035523545, -0.703786, -0.7099312, 0.026681699, -1.3432828, -4.5131826, 1.0663605)

[node name="Upper Leg_r" parent="Head/Stoneman/Armature/Skeleton3D" parent_id_path=PackedInt32Array(316174631, 206227268) index="14" unique_id=1849380792]
transform = Transform3D(-0.039258584, -0.08325812, -0.9957544, -0.42468625, -0.9006524, 0.09204945, -0.9045087, 0.42648932, -2.3841858e-07, -0.9718256, -0.4949112, -0.83642685)

[node name="Left Leg Target" parent="Head/Stoneman" index="8" unique_id=134990272]
transform = Transform3D(1, 0, 0, 0, 1, 0, 0, 0, 1, 0.82080007, 3.2412667, -0.34554207)

[node name="Right Leg Target" parent="Head/Stoneman" index="9" unique_id=921146363]
transform = Transform3D(1, 0, 0, 0, 1, 0, 0, 0, 1, -0.82080007, 4.235513, -0.63614607)

[node name="PlayerInteractionScanner" parent="." unique_id=519672205 node_paths=PackedStringArray("player_ref", "object_shape_cast") instance=ExtResource("4_mtuoh")]
player_ref = NodePath("..")
object_shape_cast = NodePath("../Head/Camera3D/ObjectGrabberShapeCast")

[node name="PlayerItemManager" parent="." unique_id=1707946641 node_paths=PackedStringArray("player_ref") instance=ExtResource("5_htcer")]
player_ref = NodePath("..")

[node name="PlayerAnimationHandler" parent="." unique_id=2014501900 node_paths=PackedStringArray("player_ref") instance=ExtResource("6_dd0ac")]
player_ref = NodePath("..")

[node name="MultiplayerSynchronizer" type="MultiplayerSynchronizer" parent="." unique_id=91604768]
replication_config = SubResource("SceneReplicationConfig_6t5aa")

[connection signal="grabbed" from="." to="Head/Stoneman" method="_on_character_body_3d_grabbed"]
[connection signal="drop_item" from="PlayerInteractionScanner" to="PlayerItemManager" method="_on_int_scan_drop_item"]
[connection signal="interacted_external_item" from="PlayerInteractionScanner" to="PlayerItemManager" method="_on_int_scan_interacted_external_item"]
[connection signal="done_interacting" from="PlayerItemManager" to="PlayerInteractionScanner" method="_allow_interaction"]
[connection signal="dropped_item" from="PlayerItemManager" to="PlayerAnimationHandler" method="set_idle_anims"]
[connection signal="grabbed_item" from="PlayerItemManager" to="PlayerAnimationHandler" method="set_grabbed_item_anims"]

[editable path="Head/Stoneman"]
