[gd_scene format=3 uid="uid://be8qbmt0fe144"]

[ext_resource type="Script" uid="uid://cugl3nsf5vtlu" path="res://Scripts/Player/player.gd" id="1_xpcdj"]
[ext_resource type="PackedScene" uid="uid://cmig72j5xmifs" path="res://Scenes/Player/stoneman.tscn" id="3_htcer"]
[ext_resource type="PackedScene" uid="uid://cjhdkv3pjpfvs" path="res://Scenes/Player/player_interaction_scanner.tscn" id="4_mtuoh"]
[ext_resource type="PackedScene" uid="uid://cyqno8xk8nd5s" path="res://Scenes/Player/player_item_manager.tscn" id="5_htcer"]
[ext_resource type="PackedScene" uid="uid://n4qtw8ywlvml" path="res://Scenes/Player/player_animation_handler.tscn" id="6_dd0ac"]
[ext_resource type="PackedScene" uid="uid://dgda32g23vbly" path="res://Scenes/Player/player_body_handler.tscn" id="7_0u5uq"]

[sub_resource type="SceneReplicationConfig" id="SceneReplicationConfig_6t5aa"]
properties/0/path = NodePath(".:position")
properties/0/spawn = true
properties/0/replication_mode = 1
properties/1/path = NodePath("Head/Camera3D:rotation")
properties/1/spawn = true
properties/1/replication_mode = 1
properties/2/path = NodePath("Head:rotation")
properties/2/spawn = true
properties/2/replication_mode = 1
properties/3/path = NodePath("Head/Stoneman/Left Arm Target:position")
properties/3/spawn = true
properties/3/replication_mode = 1
properties/4/path = NodePath("Head/Stoneman/Right Arm Target:position")
properties/4/spawn = true
properties/4/replication_mode = 1

[sub_resource type="BoxShape3D" id="BoxShape3D_8j60k"]
size = Vector3(0.49902344, 0.9880371, 0.8925781)

[node name="Player" type="CharacterBody3D" unique_id=83244711]
collision_layer = 34
collision_mask = 7
script = ExtResource("1_xpcdj")

[node name="MultiplayerSynchronizer" type="MultiplayerSynchronizer" parent="." unique_id=91604768]
replication_config = SubResource("SceneReplicationConfig_6t5aa")

[node name="PlayerInteractionScanner" parent="." unique_id=957716532 node_paths=PackedStringArray("player_ref") instance=ExtResource("4_mtuoh")]
player_ref = NodePath("..")

[node name="PlayerItemManager" parent="." unique_id=506252639 node_paths=PackedStringArray("player_ref") instance=ExtResource("5_htcer")]
player_ref = NodePath("..")

[node name="PlayerAnimationManager" parent="." unique_id=231627570 node_paths=PackedStringArray("player_ref") instance=ExtResource("6_dd0ac")]
player_ref = NodePath("..")

[node name="PlayerBodyHandler" parent="." unique_id=270478860 node_paths=PackedStringArray("player_ref") instance=ExtResource("7_0u5uq")]
player_ref = NodePath("..")

[node name="GPUParticlesCollisionBox3D" type="GPUParticlesCollisionBox3D" parent="." unique_id=2126744791]
transform = Transform3D(1, 0, 0, 0, 1, 0, 0, 0, 1, 0, 0.9, 0)
size = Vector3(0.3, 1.8, 0.3)

[node name="CollisionShape3D" type="CollisionShape3D" parent="." unique_id=1932185389]
transform = Transform3D(0.6625481, 0, 0, 0, 1.7481909, 0, 0, 0, 0.2394429, 0, 0.90595007, -0.017046168)
shape = SubResource("BoxShape3D_8j60k")

[node name="Nametag" type="Label3D" parent="." unique_id=1452559245]
transform = Transform3D(1, 0, 0, 0, 1, 0, 0, 0, 1, 0, 2.1281512, 0)
billboard = 1
shaded = true
text = "
"

[node name="Stoneman" parent="." unique_id=316174631 instance=ExtResource("3_htcer")]
unique_name_in_owner = true
transform = Transform3D(0.09, 0, 0, 0, 0.09, 0, 0, 0, 0.09, 0, 0, 0)

[node name="Hand_r" parent="Stoneman/Armature/Skeleton3D" parent_id_path=PackedInt32Array(316174631, 715983050) index="5" unique_id=1436059033]
transform = Transform3D(0.056323428, -0.032165527, 0.99789417, 0.054452952, -0.997894, -0.03523901, 0.99692625, 0.056323044, -0.05445328, -2.793171, -1.8747058, -0.85090035)

[node name="Lower Arm_r" parent="Stoneman/Armature/Skeleton3D" parent_id_path=PackedInt32Array(316174631, 715983050) index="6" unique_id=649689457]
transform = Transform3D(0.056323428, -0.032165527, 0.99789417, 0.054452952, -0.997894, -0.03523901, 0.99692625, 0.056323044, -0.05445328, -2.69878, 1.053621, -1.0161808)

[node name="Foot_l" parent="Stoneman/Armature/Skeleton3D" parent_id_path=PackedInt32Array(316174631, 715983050) index="9" unique_id=396274797]
transform = Transform3D(6.47679e-05, 0.0016647838, -0.99999857, -0.6555316, -0.75516725, -0.0012996122, -0.75518364, 0.65553945, 0.0010427018, 1.5019889, -9.836201, -1.6662682)

[node name="Lower Leg_l" parent="Stoneman/Armature/Skeleton3D" parent_id_path=PackedInt32Array(316174631, 715983050) index="10" unique_id=1360580049]
transform = Transform3D(-0.0013377443, 0.030565318, -0.9995319, 0.2534764, -0.9668795, -0.029906027, -0.9673568, -0.2534057, -0.006454089, 1.3463795, -4.9137793, -0.37617)

[node name="Upper Leg_l" parent="Stoneman/Armature/Skeleton3D" parent_id_path=PackedInt32Array(316174631, 715983050) index="11" unique_id=1922271189]
transform = Transform3D(0.009496441, 0.09155834, -0.9957544, -0.10272545, -0.9904418, -0.09204949, -0.9946824, 0.103161626, -3.5762787e-07, 0.93789095, -0.4949112, -0.83642685)

[node name="Foot_r" parent="Stoneman/Armature/Skeleton3D" parent_id_path=PackedInt32Array(316174631, 715983050) index="12" unique_id=279561999]
transform = Transform3D(-0.011364954, -0.017934803, -0.9997746, -0.107239164, -0.9940556, 0.019050397, -0.99418324, 0.107416905, 0.009373013, -1.5750818, -7.6211576, -2.4318814)

[node name="Lower Leg_r" parent="Stoneman/Armature/Skeleton3D" parent_id_path=PackedInt32Array(316174631, 715983050) index="13" unique_id=265641217]
transform = Transform3D(0.008391783, -0.04906145, -0.9987606, 0.7601119, -0.64867264, 0.03825007, -0.64973897, -0.7595075, 0.0318481, -1.3253081, -4.3187404, 1.4348005)

[node name="Upper Leg_r" parent="Stoneman/Armature/Skeleton3D" parent_id_path=PackedInt32Array(316174631, 715983050) index="14" unique_id=1692920147]
transform = Transform3D(-0.04686034, -0.07922928, -0.9957544, -0.506919, -0.8570702, 0.092049405, -0.86073977, 0.50907123, -2.3841858e-07, -0.9718256, -0.4949112, -0.83642685)

[node name="Physical Bone Lower Chest" parent="Stoneman/Armature/Skeleton3D/PhysicalBoneSimulator3D" parent_id_path=PackedInt32Array(316174631, 1072758212) index="0" unique_id=541152247]
transform = Transform3D(11.111111, -6.953875e-06, 0, 0, 0, -11.111111, 6.953875e-06, 11.111111, 0, 3.2336102e-06, 0.6890793, -1.0260487)
joint_offset = Transform3D(1, 0, 0, 0, 1, 0, 0, 0, 1, -2.91024e-07, 1.4671687e-06, 0.06201714)
body_offset = Transform3D(11.111111, -6.953875e-06, 0, 0, 0, -11.111111, 6.953875e-06, 11.111111, 0, 3.2336102e-06, 0.6890793, -1.630187e-05)

[node name="Physical Bone Upper Chest" parent="Stoneman/Armature/Skeleton3D/PhysicalBoneSimulator3D" parent_id_path=PackedInt32Array(316174631, 1072758212) index="1" unique_id=389848489]
transform = Transform3D(11.111111, -1.5064579e-05, -3.9451647e-06, -3.2372832e-06, 0.5189335, -11.098987, 1.5232396e-05, 11.098986, 0.51893353, 1.7717539e-05, 3.5541582, -1.1278183)
joint_offset = Transform3D(1, 0, 0, 0, 1, 0, 0, 0, 1, -1.5249598e-06, 4.2311267e-06, 0.1960541)
body_offset = Transform3D(11.111111, -1.7713674e-05, -3.9451725e-06, -3.945121e-06, 3.2246113e-05, -11.111112, 1.7713686e-05, 11.111111, 3.2305717e-05, 1.7717539e-05, 2.178379, -5.3346157e-05)

[node name="Physical Bone Neck" parent="Stoneman/Armature/Skeleton3D/PhysicalBoneSimulator3D" parent_id_path=PackedInt32Array(316174631, 1072758212) index="2" unique_id=1561817379]
transform = Transform3D(11.111111, 5.2981904e-06, 8.1986423e-10, 8.198241e-10, 8.402169e-08, -11.111111, -5.2981904e-06, 11.111111, 8.402169e-08, -3.2776734e-07, 5.965536, -1.2295766)
joint_offset = Transform3D(1, 0, 0, 0, 1, 0, 0, 0, 1, 2.9496833e-08, 2.810718e-06, 0.021092204)
body_offset = Transform3D(11.111111, 2.6490952e-06, 8.198541e-10, 8.1988016e-10, 1.2374883e-09, -11.111112, -2.6490945e-06, 11.111108, 1.2541376e-07, -3.2776734e-07, 0.23435783, -3.1232834e-05)

[node name="Head" parent="Stoneman/Armature/Skeleton3D/PhysicalBoneSimulator3D/Physical Bone Neck" index="1" unique_id=1574753834]
transform = Transform3D(-0.09, -1.3589623e-08, 0, 0, -3.934012e-09, -0.09, 1.3589623e-08, -0.09, 3.9340122e-09, 2.3028406e-08, 0.012766179, -0.075972795)

[node name="Physical Bone Upper Arm_l" parent="Stoneman/Armature/Skeleton3D/PhysicalBoneSimulator3D" parent_id_path=PackedInt32Array(316174631, 1072758212) index="3" unique_id=1992439994]
transform = Transform3D(-10.335261, -0.64370996, -4.028001, -4.055369, 0.43940824, 10.335264, -0.4394678, 11.083743, -0.64366925, 2.0103054, 2.729783, -1.0932937)
joint_offset = Transform3D(1, 0, 0, 0, 1, 0, 0, 0, 1, -0.0018810012, -0.0008127151, 0.16115972)
body_offset = Transform3D(11.111113, 4.273653e-05, -0.00019945763, -0.00019889139, -1.013279e-05, -11.111114, -4.2706728e-05, 11.111113, -1.0073185e-05, 0.020932198, 1.7906637, 0.009031713)

[node name="Physical Bone Lower Arm_l" parent="Stoneman/Armature/Skeleton3D/PhysicalBoneSimulator3D" parent_id_path=PackedInt32Array(316174631, 1072758212) index="4" unique_id=692847862]
transform = Transform3D(-11.082014, -0.6886848, -0.41406232, -0.45534715, 0.66442055, 11.081877, -0.6621128, 11.069826, -0.69090384, 2.729697, -0.40381336, -0.90030265)
joint_offset = Transform3D(1, 0, 0, 0, 1, 0, 0, 0, 1, -0.00071461726, -0.00053617696, 0.1322609)
body_offset = Transform3D(11.111112, -0.0015185475, 3.900379e-06, 4.2282045e-06, -0.0007330775, -11.111112, 0.0015187263, 11.111111, -0.0007330775, 0.007938862, 1.4695654, 0.0060555637)

[node name="Physical Bone Upper Arm_r" parent="Stoneman/Armature/Skeleton3D/PhysicalBoneSimulator3D" parent_id_path=PackedInt32Array(316174631, 1072758212) index="5" unique_id=1855419348]
transform = Transform3D(0.5863222, 10.360463, 3.9716272, 0.40217134, -3.994399, 10.360494, 11.08834, -0.40295812, -0.58578175, -2.0660732, 2.7236748, -1.106812)
joint_offset = Transform3D(1, 0, 0, 0, 1, 0, 0, 0, 1, -0.0002761779, 0.00063107413, 0.1623127)
body_offset = Transform3D(11.111114, -0.0012734532, -0.0009941459, -0.0009937286, 0.0003649313, -11.111114, 0.0012731254, 11.111113, 0.0003632307, 0.0032308102, 1.8034744, -0.0070705414)

[node name="Physical Bone Lower Arm_r" parent="Stoneman/Armature/Skeleton3D/PhysicalBoneSimulator3D" parent_id_path=PackedInt32Array(316174631, 1072758212) index="6" unique_id=1774602281]
transform = Transform3D(0.6286307, 11.087563, 0.35716832, 0.6051334, -0.3914823, 11.087711, 11.076797, -0.60785466, -0.6259997, -2.7379446, -0.4101696, -0.9301811)
joint_offset = Transform3D(1, 0, 0, 0, 1, 0, 0, 0, 1, -0.0003417591, -0.00070090423, 0.13201302)
body_offset = Transform3D(11.1111145, -0.0028146505, -0.0002002716, -0.00020003319, -0.00021605566, -11.111117, 0.002814114, 11.111114, -0.00021573156, 0.0038217902, 1.4668121, 0.007817268)

[node name="Physical Bone Upper Leg_l" parent="Stoneman/Armature/Skeleton3D/PhysicalBoneSimulator3D" parent_id_path=PackedInt32Array(316174631, 1072758212) index="7" unique_id=1983502860]
transform = Transform3D(0.10427674, -11.063976, -1.0170308, -1.1282964, -1.0223626, 11.006294, -11.053183, -1.6945462e-05, -1.1331048, 1.1432056, -2.6226768, -0.59581083)
joint_offset = Transform3D(1, 0, 0, 0, 1, 0, 0, 0, 1, 0.0019230371, 0.0007796401, 0.19359224)
body_offset = Transform3D(11.110904, -2.950548e-05, -0.013204694, -0.013205171, -0.00041039728, -11.111101, 2.8389808e-05, 11.111111, -0.0004102158, -0.018810332, 2.1510487, -0.008583307)

[node name="Physical Bone Lower Leg_l" parent="Stoneman/Armature/Skeleton3D/PhysicalBoneSimulator3D" parent_id_path=PackedInt32Array(316174631, 1072758212) index="8" unique_id=1423719608]
transform = Transform3D(-0.014862296, -11.10591, -0.3396116, 2.8152094, -0.33229414, 10.743414, -10.748542, -0.07167653, 2.8143358, 1.4082494, -7.3063536, -1.0320591)
joint_offset = Transform3D(1, 0, 0, 0, 1, 0, 0, 0, 1, -0.002538023, -0.0012549284, 0.22332768)
body_offset = Transform3D(11.110936, -3.568828e-05, 0.0013194084, 0.0011897087, -4.224479e-06, -11.111086, 3.5084784e-05, 11.111111, -3.9804727e-06, 0.027905107, 2.481416, 0.013944626)

[node name="Physical Bone Upper Leg_r" parent="Stoneman/Armature/Skeleton3D/PhysicalBoneSimulator3D" parent_id_path=PackedInt32Array(316174631, 1072758212) index="9" unique_id=492667798]
transform = Transform3D(-0.52176404, -11.063911, 0.88000757, -5.647238, 1.0230596, 9.514139, -9.55475, -0.00049292005, -5.6712904, -1.1673716, -2.3269157, 0.28202182)
joint_offset = Transform3D(1, 0, 0, 0, 1, 0, 0, 0, 1, 0.0019335164, -0.0023384984, 0.1939551)
body_offset = Transform3D(11.110899, 0.00027459153, 0.01736927, 0.01736927, -0.0004989208, -11.111095, -0.0002738067, 11.111111, -0.00049951446, -0.024851322, 2.1550188, 0.026080728)

[node name="Physical Bone Lower Leg_r" parent="Stoneman/Armature/Skeleton3D/PhysicalBoneSimulator3D" parent_id_path=PackedInt32Array(316174631, 1072758212) index="10" unique_id=1824740642]
transform = Transform3D(0.09306052, -11.097318, 0.54559445, 8.443032, 0.4253023, 7.2104864, -7.2224193, 0.3541914, 8.436112, -1.4472436, -5.76565, -0.27969468)
joint_offset = Transform3D(1, 0, 0, 0, 1, 0, 0, 0, 1, -0.0012567128, -0.0010572477, 0.20220129)
body_offset = Transform3D(11.111103, 1.9013882e-05, 0.004149437, 0.0040841103, -0.00044247508, -11.110917, -1.8954277e-05, 11.111111, -0.00044250488, 0.013124466, 2.2466464, 0.011836648)

[node name="Left Leg Target" parent="Stoneman" index="8" unique_id=134990272]
transform = Transform3D(1, 0, 0, 0, 1, 0, 0, 0, 1, 0.90288013, 3.4833682, -0.41960254)

[node name="Right Leg Target" parent="Stoneman" index="9" unique_id=921146363]
transform = Transform3D(1, 0, 0, 0, 1, 0, 0, 0, 1, -0.90288013, 4.395457, -0.686193)

[connection signal="interacted_external_item" from="PlayerInteractionScanner" to="PlayerItemManager" method="_on_int_scan_interacted_external_item"]
[connection signal="allow_interaction" from="PlayerItemManager" to="PlayerInteractionScanner" method="_allow_interaction"]
[connection signal="dropped_item" from="PlayerItemManager" to="PlayerBodyHandler" method="right_hand_idle"]
[connection signal="grabbed_item" from="PlayerItemManager" to="PlayerBodyHandler" method="right_hand_holding"]

[editable path="Stoneman"]
