[gd_scene format=3 uid="uid://be8qbmt0fe144"]

[ext_resource type="Script" uid="uid://cugl3nsf5vtlu" path="res://Scripts/Player/player.gd" id="1_xpcdj"]
[ext_resource type="PackedScene" uid="uid://d3xlqucrpd30n" path="res://Scenes/Player/stonehead.tscn" id="2_mtuoh"]
[ext_resource type="PackedScene" uid="uid://cmig72j5xmifs" path="res://Scenes/Player/stoneman.tscn" id="3_htcer"]

[sub_resource type="BoxShape3D" id="BoxShape3D_8j60k"]
size = Vector3(0.49902344, 0.9880371, 0.8925781)

[sub_resource type="BoxShape3D" id="BoxShape3D_xpcdj"]
size = Vector3(0.23657227, 0.107177734, 0.13531494)

[sub_resource type="BoxShape3D" id="BoxShape3D_mtuoh"]
size = Vector3(0.27319336, 0.43933105, 0.13171387)

[sub_resource type="BoxShape3D" id="BoxShape3D_htcer"]
size = Vector3(0.10449219, 0.056152344, 0.08886719)

[sub_resource type="SphereShape3D" id="SphereShape3D_fo5ed"]
radius = 0.1

[sub_resource type="SphereShape3D" id="SphereShape3D_5ukr8"]

[sub_resource type="StandardMaterial3D" id="StandardMaterial3D_o06y3"]
albedo_color = Color(1, 0, 0, 1)

[sub_resource type="BoxShape3D" id="BoxShape3D_dd0ac"]
size = Vector3(0.086, 0.284, 0.086)

[sub_resource type="BoxShape3D" id="BoxShape3D_0u5uq"]
size = Vector3(0.086, 0.393, 0.086)

[sub_resource type="BoxShape3D" id="BoxShape3D_jlvik"]
size = Vector3(0.08569336, 0.28359985, 0.08496094)

[sub_resource type="BoxShape3D" id="BoxShape3D_gk6dx"]
size = Vector3(0.08569336, 0.3930664, 0.08618164)

[sub_resource type="BoxShape3D" id="BoxShape3D_jhyir"]
size = Vector3(0.12792969, 0.28735352, 0.10784912)

[sub_resource type="BoxShape3D" id="BoxShape3D_74mp2"]
size = Vector3(0.09, 0.48, 0.099)

[sub_resource type="BoxShape3D" id="BoxShape3D_06tpx"]
size = Vector3(0.12792969, 0.28735352, 0.107666016)

[sub_resource type="BoxShape3D" id="BoxShape3D_oikmp"]
size = Vector3(0.08984375, 0.4802246, 0.09863281)

[sub_resource type="SceneReplicationConfig" id="SceneReplicationConfig_6t5aa"]
properties/0/path = NodePath(".:position")
properties/0/spawn = true
properties/0/replication_mode = 1
properties/1/path = NodePath("Head/Camera3D:rotation")
properties/1/spawn = true
properties/1/replication_mode = 1
properties/2/path = NodePath("Head:rotation")
properties/2/spawn = true
properties/2/replication_mode = 1
properties/3/path = NodePath("Head/Stoneman/Left Arm Target:position")
properties/3/spawn = true
properties/3/replication_mode = 1
properties/4/path = NodePath("Head/Stoneman/Right Arm Target:position")
properties/4/spawn = true
properties/4/replication_mode = 1

[node name="Player" type="CharacterBody3D" unique_id=1288706838]
collision_layer = 10
collision_mask = 7
script = ExtResource("1_xpcdj")

[node name="CollisionShape3D" type="CollisionShape3D" parent="." unique_id=1932185389]
transform = Transform3D(0.6625481, 0, 0, 0, 1.7481909, 0, 0, 0, 0.2394429, 0, 0.90595007, -0.017046168)
shape = SubResource("BoxShape3D_8j60k")

[node name="Head" type="Node3D" parent="." unique_id=310455427]

[node name="Stoneman" parent="Head" unique_id=316174631 instance=ExtResource("3_htcer")]
transform = Transform3D(-0.091, 0, -7.955473e-09, 0, 0.091, 0, 7.955473e-09, 0, -0.091, 0, 0.042, 0)

[node name="Skeleton3D" parent="Head/Stoneman/Armature" parent_id_path=PackedInt32Array(316174631, 1057646987) index="0" unique_id=1567360694]
bones/0/bone_meta/asd = false
bones/2/rest = Transform3D(1, -1.1134409e-08, 2.6022903e-10, 1.11344125e-08, 0.99890894, -0.046701122, 2.6004426e-10, 0.04670112, 0.99890906, 5.6985527e-12, 4.357776, -1.4808791e-08)
bones/4/rest = Transform3D(0, 1, -2.3469327e-07, -0.99890894, 0, -0.046701036, -0.04670104, 2.3469329e-07, 0.9989089, 1.3811173, 3.0295923, -0.037731692)
bones/5/rest = Transform3D(1, 6.531654e-12, 2.733188e-09, -6.5316546e-12, 0.99999994, 1.3973533e-10, -2.733188e-09, -1.3973532e-10, 1, -9.960468e-07, 3.5916436, 2.19258e-08)
bones/7/rest = Transform3D(0, -0.9999998, -2.9802319e-08, -0.046701156, 0, -0.99890876, 0.9989087, 2.9802317e-08, -0.04670119, -1.4150515, 3.0295923, -0.03773236)
bones/8/rest = Transform3D(1, 1.3969628e-10, 2.7818174e-08, -1.3969628e-10, 1, 6.5299086e-12, -2.7818174e-08, -6.529912e-12, 1, -2.9749174e-08, 3.5916448, -8.5880083e-07)
bones/10/rest = Transform3D(2.9802857e-07, 0.09204949, -0.9957545, 8.568321e-07, -0.9957545, -0.09204949, -1.0000179, -8.2701445e-07, -3.5762787e-07, 0.93789095, -0.4949112, 0.18960547)
bones/12/rest = Transform3D(0.56434286, -0.8255406, -5.0291415e-08, 0.8251794, 0.56409615, -0.029572813, 0.024413584, 0.016689168, 0.99956256, 4.079425e-09, 5.0910387, -1.0137701e-07)
bones/13/rest = Transform3D(1.1921142e-07, -0.09204943, -0.9957545, -8.4193067e-07, -0.9957545, 0.09204943, -1.0000179, 8.2701445e-07, -2.3841858e-07, -0.9718256, -0.4949112, 0.18960547)
bones/15/rest = Transform3D(0.56434476, -0.82553935, 3.473833e-07, 0.82517815, 0.564098, 0.029573018, -0.024413884, -0.016689094, 0.99956256, -5.4989613e-10, 5.0910387, -2.7377272e-08)

[node name="PhysicalBone3D" type="PhysicalBone3D" parent="Head/Stoneman/Armature/Skeleton3D/Head" parent_id_path=PackedInt32Array(316174631, 2007075085) index="1" unique_id=896746849]

[node name="Hand_l" parent="Head/Stoneman/Armature/Skeleton3D" index="2" unique_id=1618052020]
transform = Transform3D(-0.99466354, -0.06344477, -0.081357926, 0.056377303, -0.9946634, 0.08640586, -0.086405784, 0.081358016, 0.9929325, 2.9985693, -1.6117604, -0.71326005)

[node name="Lower Arm_l" parent="Head/Stoneman/Armature/Skeleton3D" index="3" unique_id=134843940]
transform = Transform3D(-0.99466354, -0.06344477, -0.081357926, 0.056377303, -0.9946634, 0.08640586, -0.086405784, 0.081358016, 0.9929325, 3.1847475, 1.3070877, -0.95200586)

[node name="Upper Arm_l" parent="Head/Stoneman/Armature/Skeleton3D" index="4" unique_id=1957109089]
transform = Transform3D(-0.8618883, 0.5021738, -0.07049764, -0.50548226, -0.8618883, 0.04044883, -0.04044877, 0.07049769, 0.9966915, 1.3811173, 4.402683, -1.2052085)

[node name="Hand_r" parent="Head/Stoneman/Armature/Skeleton3D" index="5" unique_id=461388532]
transform = Transform3D(0.08133057, 0.06855023, 0.99432695, 0.08682069, -0.994327, 0.061448783, 0.99289846, 0.0813304, -0.08682096, -3.0055623, -1.6176643, -0.71277744)

[node name="Lower Arm_r" parent="Head/Stoneman/Armature/Skeleton3D" index="6" unique_id=1210673677]
transform = Transform3D(0.08133057, 0.06855023, 0.99432695, 0.08682069, -0.994327, 0.061448783, 0.99289846, 0.0813304, -0.08682096, -3.2067225, 1.3001952, -0.9514421)

[node name="Upper Arm_r" parent="Head/Stoneman/Armature/Skeleton3D" index="7" unique_id=1082149468]
transform = Transform3D(0.070654735, -0.49884397, 0.86380696, 0.04071927, -0.863807, -0.5021746, 0.9966693, 0.07065465, -0.040719718, -1.4150515, 4.402683, -1.2052085)

[node name="Foot_l" parent="Head/Stoneman/Armature/Skeleton3D" index="9" unique_id=1866514752]
transform = Transform3D(-0.00021902286, 0.0009416342, -0.99999946, -0.7261709, -0.68751425, -0.0004883148, -0.6875281, 0.7261819, 0.00083461846, 1.5001404, -9.954156, -1.3661764)

[node name="Lower Leg_l" parent="Head/Stoneman/Armature/Skeleton3D" index="10" unique_id=1076562430]
transform = Transform3D(-0.00090091024, 0.029923242, -0.99955183, 0.1577614, -0.98703086, -0.029690575, -0.9874941, -0.1577224, -0.0038314022, 1.3477999, -4.9291434, -0.5632056)

[node name="Upper Leg_l" parent="Head/Stoneman/Armature/Skeleton3D" index="11" unique_id=460195812]
transform = Transform3D(0.0056375675, 0.0918767, -0.9957544, -0.060980666, -0.9938855, -0.09204949, -0.99814093, 0.061239608, -3.5762787e-07, 0.93789095, -0.4949112, -0.83642685)

[node name="Foot_r" parent="Head/Stoneman/Armature/Skeleton3D" index="12" unique_id=1663286677]
transform = Transform3D(-0.0073152017, -0.01219322, -0.9998989, -0.20632271, -0.97839475, 0.013439901, -0.97847414, 0.20638987, 0.0046404917, -1.564345, -8.239341, -2.5648699)

[node name="Lower Leg_r" parent="Head/Stoneman/Armature/Skeleton3D" index="13" unique_id=1476207980]
transform = Transform3D(0.005937338, -0.042484544, -0.9990795, 0.691266, -0.72176594, 0.03479968, -0.72257966, -0.69085413, 0.025082357, -1.3480545, -4.564802, 0.9522952)

[node name="Upper Leg_r" parent="Head/Stoneman/Armature/Skeleton3D" index="14" unique_id=57463057]
transform = Transform3D(-0.036905233, -0.08432764, -0.9957544, -0.3992279, -0.9122224, 0.092049435, -0.91612816, 0.40092283, -1.1920929e-07, -0.9718256, -0.4949112, -0.83642685)

[node name="PhysicalBoneSimulator3D" type="PhysicalBoneSimulator3D" parent="Head/Stoneman/Armature/Skeleton3D" index="20" unique_id=604623293]

[node name="Physical Bone Lower Chest" type="PhysicalBone3D" parent="Head/Stoneman/Armature/Skeleton3D/PhysicalBoneSimulator3D" unique_id=1124639518]
transform = Transform3D(10.989011, -2.6147973e-12, 0, 0, 0, -10.989011, 2.6147973e-12, 10.989011, 0, -2.910383e-11, 0.6890793, -1.0260322)
collision_layer = 16
collision_mask = 17
joint_offset = Transform3D(1, 0, 0, 0, 1, 0, 0, 0, 1, -1.8517702e-21, -8.136035e-09, 0.062706225)
body_offset = Transform3D(10.98901, -2.5011104e-12, 0, 0, 0, -10.98901, 2.5011104e-12, 10.98901, 0, 0, 0.6890793, 8.940697e-08)
can_sleep = false
bone_name = "Lower Chest"

[node name="CollisionShape3D" type="CollisionShape3D" parent="Head/Stoneman/Armature/Skeleton3D/PhysicalBoneSimulator3D/Physical Bone Lower Chest" unique_id=167814923]
transform = Transform3D(1, 0, 0, 0, 0, 1, 0, -1, 0, -1.0913936e-11, 0.023284916, 0)
shape = SubResource("BoxShape3D_xpcdj")

[node name="Physical Bone Upper Chest" type="PhysicalBone3D" parent="Head/Stoneman/Armature/Skeleton3D/PhysicalBoneSimulator3D" unique_id=8353669]
transform = Transform3D(10.989011, 2.619984e-06, -1.43494105e-11, -1.2237052e-07, 0.51319915, -10.977021, -2.6171244e-06, 10.97702, 0.51319915, 1.3638666e-05, 3.5546694, -1.1277887)
collision_layer = 16
collision_mask = 17
joint_type = 1
joint_offset = Transform3D(1, 0, 0, 0, 1, 0, 0, 0, 1, -1.2411213e-06, -9.211503e-09, 0.19827874)
body_offset = Transform3D(10.98901, 4.5474735e-13, -1.4367174e-11, -1.4367174e-11, 5.9604645e-08, -10.989012, -2.2737368e-13, 10.989012, 5.9604645e-08, 1.3638695e-05, 2.1788874, 8.940697e-08)
can_sleep = false
bone_name = "Upper Chest"
joint_constraints/bias = 0.3
joint_constraints/damping = 1.0
joint_constraints/impulse_clamp = 0.0

[node name="CollisionShape3D" type="CollisionShape3D" parent="Head/Stoneman/Armature/Skeleton3D/PhysicalBoneSimulator3D/Physical Bone Upper Chest" unique_id=1145238524]
transform = Transform3D(0.9999988, -4.565237e-13, 8.697043e-12, -8.7538865e-12, -1.7099082e-06, 1, 5.151435e-14, -1, 0, -5.0167728e-09, 0.016052287, 0.048461795)
shape = SubResource("BoxShape3D_mtuoh")

[node name="Nametag" type="Label3D" parent="Head/Stoneman/Armature/Skeleton3D/PhysicalBoneSimulator3D/Physical Bone Upper Chest" unique_id=134424867]
transform = Transform3D(1, -2.89564e-07, 1.2657245e-14, 0, -4.371139e-08, -1, 2.89564e-07, 1, -4.371139e-08, -0.00052925554, 0.11734857, -1.3522203)
billboard = 1

[node name="Physical Bone Neck" type="PhysicalBone3D" parent="Head/Stoneman/Armature/Skeleton3D/PhysicalBoneSimulator3D" unique_id=1178001620]
transform = Transform3D(10.989011, 2.6199841e-06, 8.12295e-10, 8.1227597e-10, 7.970885e-08, -10.989011, -2.6199841e-06, 10.989011, 7.970885e-08, -2.910383e-11, 5.965534, -1.2295454)
collision_layer = 16
collision_mask = 17
joint_type = 1
joint_offset = Transform3D(1, 0, 0, 0, 1, 0, 0, 0, 1, -1.5763914e-12, -2.3413615e-10, 0.021326214)
body_offset = Transform3D(10.989011, -2.2737368e-13, 8.122858e-10, 8.1231183e-10, -2.1656419e-09, -10.989012, 4.5474735e-13, 10.989008, 1.2064608e-07, 0, 0.23435402, 0)
can_sleep = false
bone_name = "Neck"
joint_constraints/bias = 0.3
joint_constraints/damping = 1.0
joint_constraints/impulse_clamp = 0.0

[node name="CollisionShape3D" type="CollisionShape3D" parent="Head/Stoneman/Armature/Skeleton3D/PhysicalBoneSimulator3D/Physical Bone Neck" unique_id=894007638]
transform = Transform3D(1, -2.6709066e-18, 0, 0, 0, 1, 2.6709066e-18, -1, 0, 0, 0, -0.0012207031)
shape = SubResource("BoxShape3D_htcer")

[node name="Camera3D" type="Camera3D" parent="Head/Stoneman/Armature/Skeleton3D/PhysicalBoneSimulator3D/Physical Bone Neck" unique_id=1606156339]
transform = Transform3D(-1.0000001, -8.676959e-07, 3.2584384e-07, -3.2584384e-07, 3.4085201e-09, -1.0000001, 8.676959e-07, -1.0000001, -3.408803e-09, -9.1015405e-05, 0.05783637, -0.05654764)
v_offset = 0.085

[node name="Stonehead" parent="Head/Stoneman/Armature/Skeleton3D/PhysicalBoneSimulator3D/Physical Bone Neck/Camera3D" unique_id=1469678934 instance=ExtResource("2_mtuoh")]

[node name="ObjectGrabberShapeCast" type="ShapeCast3D" parent="Head/Stoneman/Armature/Skeleton3D/PhysicalBoneSimulator3D/Physical Bone Neck/Camera3D" unique_id=1360882520]
transform = Transform3D(1, 0, 0, 0, 1, 0, 0, 0, 1, 0, 0.011269331, 0)
shape = SubResource("SphereShape3D_fo5ed")
target_position = Vector3(0, 0, -2)
collision_mask = 5

[node name="SpringArm3D" type="SpringArm3D" parent="Head/Stoneman/Armature/Skeleton3D/PhysicalBoneSimulator3D/Physical Bone Neck/Camera3D" unique_id=79056542]
transform = Transform3D(1, 0, 0, 0, -0.9396926, -0.34202015, 0, 0.34202015, -0.9396926, 0, 0.08156812, 0)
shape = SubResource("SphereShape3D_5ukr8")
spring_length = 0.6

[node name="CSGSphere3D" type="CSGSphere3D" parent="Head/Stoneman/Armature/Skeleton3D/PhysicalBoneSimulator3D/Physical Bone Neck/Camera3D/SpringArm3D" unique_id=452235644]
visible = false
radius = 0.05
material = SubResource("StandardMaterial3D_o06y3")

[node name="GrabbedAnchor" type="Marker3D" parent="Head/Stoneman/Armature/Skeleton3D/PhysicalBoneSimulator3D/Physical Bone Neck/Camera3D/SpringArm3D" unique_id=1598422682]

[node name="Physical Bone Upper Arm_l" type="PhysicalBone3D" parent="Head/Stoneman/Armature/Skeleton3D/PhysicalBoneSimulator3D" unique_id=1435480406]
transform = Transform3D(-9.471382, -0.77469957, -5.518254, -5.5546103, 0.44449165, 9.471383, -0.44450384, 10.952655, -0.7746924, 2.2731392, 2.8532772, -1.075319)
collision_layer = 16
collision_mask = 17
joint_type = 1
joint_offset = Transform3D(1, 0, 0, 0, 1, 0, 0, 0, 1, -0.0008275038, -0.00035514118, 0.16311952)
body_offset = Transform3D(10.989012, 5.9604645e-07, -0.00016269088, -0.00016318634, 7.748604e-07, -10.989013, -2.682209e-07, 10.989012, 9.536743e-07, 0.0091199875, 1.7925224, 0.003902495)
can_sleep = false
bone_name = "Upper Arm.l"
joint_constraints/bias = 0.3
joint_constraints/damping = 1.0
joint_constraints/impulse_clamp = 0.0

[node name="CollisionShape3D" type="CollisionShape3D" parent="Head/Stoneman/Armature/Skeleton3D/PhysicalBoneSimulator3D/Physical Bone Upper Arm_l" unique_id=2092209490]
transform = Transform3D(1, 5.2738442e-11, 0, 0, -4.3712816e-08, 1, 5.2761108e-11, -1, -4.3712816e-08, 0, 0, -0.017)
shape = SubResource("BoxShape3D_dd0ac")

[node name="Physical Bone Lower Arm_l" type="PhysicalBone3D" parent="Head/Stoneman/Armature/Skeleton3D/PhysicalBoneSimulator3D" unique_id=1658461145]
transform = Transform3D(-10.930435, -0.8932047, 0.69722724, 0.61960065, 0.9498629, 10.930335, -0.948702, 10.911386, -0.89443755, 3.0880718, -0.1526289, -0.83015156)
collision_layer = 16
collision_mask = 17
joint_type = 1
joint_offset = Transform3D(1, 0, 0, 0, 1, 0, 0, 0, 1, -0.00030357242, -0.00024362408, 0.13358562)
body_offset = Transform3D(10.98901, -0.0008177161, 3.501773e-07, 8.1956387e-07, -0.00039607286, -10.989012, 0.00081795454, 10.989012, -0.00039625168, 0.0033357143, 1.4679737, 0.0027303696)
can_sleep = false
bone_name = "Lower Arm.l"
joint_constraints/bias = 0.3
joint_constraints/damping = 1.0
joint_constraints/impulse_clamp = 0.0

[node name="CollisionShape3D" type="CollisionShape3D" parent="Head/Stoneman/Armature/Skeleton3D/PhysicalBoneSimulator3D/Physical Bone Lower Arm_l" unique_id=686477227]
transform = Transform3D(1, -5.251966e-12, -2.2957072e-19, 0, -4.371139e-08, 1, -5.251966e-12, -1, -4.371139e-08, 0, 0, -0.06)
shape = SubResource("BoxShape3D_0u5uq")

[node name="Physical Bone Upper Arm_r" type="PhysicalBone3D" parent="Head/Stoneman/Armature/Skeleton3D/PhysicalBoneSimulator3D" unique_id=1583473491]
transform = Transform3D(0.7772369, 9.49222, 5.4819736, 0.44754523, -5.518635, 9.492247, 10.95235, -0.4481106, -0.7769111, -2.3144505, 2.850707, -1.0767105)
collision_layer = 16
collision_mask = 17
joint_type = 1
joint_offset = Transform3D(1, 0, 0, 0, 1, 0, 0, 0, 1, -0.00011369445, 0.00024908932, 0.16364963)
body_offset = Transform3D(10.989012, -0.00066018105, -0.00047820807, -0.0004785657, 0.00023781508, -10.989011, 0.00066259503, 10.98901, 0.00023816898, 0.0013278127, 1.7983475, -0.002776146)
can_sleep = false
bone_name = "Upper Arm.r"
joint_constraints/bias = 0.3
joint_constraints/damping = 1.0
joint_constraints/impulse_clamp = 0.0

[node name="CollisionShape3D" type="CollisionShape3D" parent="Head/Stoneman/Armature/Skeleton3D/PhysicalBoneSimulator3D/Physical Bone Upper Arm_r" unique_id=75983347]
transform = Transform3D(1, 0, -1.4142643e-10, 1.4142643e-10, -3.5379533e-11, 1, 0, -1, -3.5333188e-11, 3.7252903e-09, -1.1920929e-07, -0.016525269)
shape = SubResource("BoxShape3D_jlvik")

[node name="Physical Bone Lower Arm_r" type="PhysicalBone3D" parent="Head/Stoneman/Armature/Skeleton3D/PhysicalBoneSimulator3D" unique_id=2124440220]
transform = Transform3D(0.8946979, 10.926586, -0.7533969, 0.954133, 0.6752754, 10.926664, 10.91089, -0.9550362, -0.89373356, -3.102533, -0.15900803, -0.8306202)
collision_layer = 16
collision_mask = 17
joint_type = 1
joint_offset = Transform3D(1, 0, 0, 0, 1, 0, 0, 0, 1, -0.00015914593, -0.0003120202, 0.13357833)
body_offset = Transform3D(10.989013, -0.0009585023, -1.3709068e-06, -2.3841858e-07, -9.778887e-05, -10.989011, 0.00096064806, 10.989011, -9.8094344e-05, 0.0017487407, 1.4678936, 0.003442049)
can_sleep = false
bone_name = "Lower Arm.r"
joint_constraints/bias = 0.3
joint_constraints/damping = 1.0
joint_constraints/impulse_clamp = 0.0

[node name="CollisionShape3D" type="CollisionShape3D" parent="Head/Stoneman/Armature/Skeleton3D/PhysicalBoneSimulator3D/Physical Bone Lower Arm_r" unique_id=102137167]
transform = Transform3D(1, 0, -5.7571015e-10, 5.7571015e-10, 6.6492534e-11, 1, 0, -1, 6.652132e-11, 0, 0, -0.059814453)
shape = SubResource("BoxShape3D_gk6dx")

[node name="Physical Bone Upper Leg_l" type="PhysicalBone3D" parent="Head/Stoneman/Armature/Skeleton3D/PhysicalBoneSimulator3D" unique_id=192817731]
transform = Transform3D(0.0620753, -10.942355, -1.0096382, -0.6703822, -1.0115446, 10.921801, -10.968369, -0.0001028823, -0.67325, 1.1431012, -2.704609, -0.696986)
collision_layer = 16
collision_mask = 17
joint_type = 1
joint_offset = Transform3D(1, 0, 0, 0, 1, 0, 0, 0, 1, 0.00029279568, 8.521773e-05, 0.20234576)
body_offset = Transform3D(10.988815, 9.949132e-05, 0.00028795004, 0.00028789043, 5.679185e-06, -10.98901, -9.9084806e-05, 10.989011, 5.690367e-06, -0.003275752, 2.2235794, -0.00093758106)
can_sleep = false
bone_name = "Upper Leg.l"
joint_constraints/bias = 0.3
joint_constraints/damping = 1.0
joint_constraints/impulse_clamp = 0.0

[node name="CollisionShape3D" type="CollisionShape3D" parent="Head/Stoneman/Armature/Skeleton3D/PhysicalBoneSimulator3D/Physical Bone Upper Leg_l" unique_id=2038305065]
transform = Transform3D(1, 4.638423e-11, -1.36424205e-11, -2.2737368e-13, -8.6429804e-07, 1.0000358, -5.456968e-12, -1.0000358, -8.567861e-07, 0, -0.002288878, 0)
shape = SubResource("BoxShape3D_jhyir")

[node name="Physical Bone Lower Leg_l" type="PhysicalBone3D" parent="Head/Stoneman/Armature/Skeleton3D/PhysicalBoneSimulator3D" unique_id=1643172154]
transform = Transform3D(-0.009900862, -10.984086, -0.32882595, 1.7336521, -0.3262695, 10.846491, -10.851392, -0.042103898, 1.7331691, 1.4169838, -7.4299355, -0.96777356)
collision_layer = 16
collision_mask = 17
joint_type = 1
joint_offset = Transform3D(1, 0, 0, 0, 1, 0, 0, 0, 1, -0.00044663568, -0.0006048739, 0.23061565)
body_offset = Transform3D(10.988823, 6.556511e-07, 4.2796135e-05, -4.0650368e-05, -4.5308843e-07, -10.989, -2.9802322e-07, 10.98901, -6.300397e-07, 0.004898131, 2.5342352, 0.00664711)
can_sleep = false
bone_name = "Lower Leg.l"
joint_constraints/bias = 0.3
joint_constraints/damping = 1.0
joint_constraints/impulse_clamp = 0.0

[node name="CollisionShape3D" type="CollisionShape3D" parent="Head/Stoneman/Armature/Skeleton3D/PhysicalBoneSimulator3D/Physical Bone Lower Leg_l" unique_id=19589420]
transform = Transform3D(1, -6.3437255e-11, -2.0534685e-12, 0, 5.68107e-07, 1.0000968, 0, -1.0000968, 2.924351e-07, 4.656613e-08, -0.0004657358, -0.08425832)
shape = SubResource("BoxShape3D_74mp2")

[node name="Physical Bone Upper Leg_r" type="PhysicalBone3D" parent="Head/Stoneman/Armature/Skeleton3D/PhysicalBoneSimulator3D" unique_id=717190382]
transform = Transform3D(-0.40566468, -10.942357, 0.92661995, -4.388258, 1.0115278, 10.02389, -10.0666275, 8.20534e-06, -4.406969, -1.1600822, -2.5214195, 0.057852566)
collision_layer = 16
collision_mask = 17
joint_type = 1
joint_offset = Transform3D(1, 0, 0, 0, 1, 0, 0, 0, 1, 0.00027464115, -8.371049e-05, 0.20229656)
body_offset = Transform3D(10.988814, -6.9053394e-06, 0.0013360977, 0.0013341904, 7.9657475e-06, -10.98901, 7.454055e-06, 10.989012, 8.029739e-06, -0.003288269, 2.2230387, 0.00091826916)
can_sleep = false
bone_name = "Upper Leg.r"
joint_constraints/bias = 0.3
joint_constraints/damping = 1.0
joint_constraints/impulse_clamp = 0.0

[node name="CollisionShape3D" type="CollisionShape3D" parent="Head/Stoneman/Armature/Skeleton3D/PhysicalBoneSimulator3D/Physical Bone Upper Leg_r" unique_id=1324164291]
transform = Transform3D(0.99998903, 4.0017767e-11, 2.978595e-11, 1.7649882e-11, 5.5135257e-07, 1, -2.2191671e-10, -1, 5.5133336e-07, 5.5879354e-09, -0.0013427734, 0)
shape = SubResource("BoxShape3D_06tpx")

[node name="Physical Bone Lower Leg_r" type="PhysicalBone3D" parent="Head/Stoneman/Armature/Skeleton3D/PhysicalBoneSimulator3D" unique_id=124716393]
transform = Transform3D(0.06524295, -10.978888, 0.46704337, 7.596274, 0.38254842, 7.931497, -7.940449, 0.27575862, 7.5915475, -1.4546379, -6.228484, -0.63055485)
collision_layer = 16
collision_mask = 17
joint_type = 1
joint_offset = Transform3D(1, 0, 0, 0, 1, 0, 0, 0, 1, 0.0006309995, -0.0008052713, 0.20919089)
body_offset = Transform3D(10.988982, 1.6391277e-07, 0.00018978119, 5.00679e-05, -0.00018595159, -10.988844, 2.0861626e-07, 10.989011, -0.00018638372, -0.0069737434, 2.298766, 0.008888125)
can_sleep = false
bone_name = "Lower Leg.r"
joint_constraints/bias = 0.3
joint_constraints/damping = 1.0
joint_constraints/impulse_clamp = 0.0

[node name="CollisionShape3D" type="CollisionShape3D" parent="Head/Stoneman/Armature/Skeleton3D/PhysicalBoneSimulator3D/Physical Bone Lower Leg_r" unique_id=2000521567]
transform = Transform3D(0.9999853, -1.546141e-11, 2.7029046e-11, 3.0695446e-12, 1.1174297e-08, 1.0000032, 7.412382e-11, -1.0000032, 9.872176e-08, 6.457791e-05, -5.7712197e-05, -0.09997147)
shape = SubResource("BoxShape3D_oikmp")

[node name="Left Arm Target" parent="Head/Stoneman" index="6" unique_id=471309025]
transform = Transform3D(1, 0, 0, 0, 1, 0, 0, 0, 1, 2.917, 8.204264, 0.055)

[node name="Right Arm Target" parent="Head/Stoneman" index="7" unique_id=617302750]
transform = Transform3D(1, 0, 0, 0, 1, 0, 0, 0, 1, -2.917, 8.204264, 0.055)

[node name="Left Leg Target" parent="Head/Stoneman" index="8" unique_id=134990272]
transform = Transform3D(1, 0, 0, 0, 1, 0, 0, 0, 1, 0.82080007, 3.2884796, -0.3593417)

[node name="Right Leg Target" parent="Head/Stoneman" index="9" unique_id=921146363]
transform = Transform3D(1, 0, 0, 0, 1, 0, 0, 0, 1, -0.82080007, 4.1883, -0.6223464)

[node name="LegAnimTree" parent="Head/Stoneman" index="11" unique_id=305721246]
reset_on_save = false

[node name="ArmAnimPlayer" parent="Head/Stoneman" index="12" unique_id=37053031]
reset_on_save = false

[node name="ArmAnimTree" parent="Head/Stoneman" index="13" unique_id=661062360]
reset_on_save = false

[node name="MultiplayerSynchronizer" type="MultiplayerSynchronizer" parent="." unique_id=91604768]
replication_config = SubResource("SceneReplicationConfig_6t5aa")

[connection signal="grabbed" from="." to="Head/Stoneman" method="_on_character_body_3d_grabbed"]

[editable path="Head/Stoneman"]
