[gd_scene format=3 uid="uid://be8qbmt0fe144"]

[ext_resource type="Script" uid="uid://cugl3nsf5vtlu" path="res://Scripts/Player/player.gd" id="1_xpcdj"]
[ext_resource type="PackedScene" uid="uid://d3xlqucrpd30n" path="res://Scenes/Player/stonehead.tscn" id="2_mtuoh"]
[ext_resource type="PackedScene" uid="uid://cmig72j5xmifs" path="res://Scenes/Player/stoneman.tscn" id="3_htcer"]

[sub_resource type="BoxShape3D" id="BoxShape3D_8j60k"]
size = Vector3(0.49902344, 0.9880371, 0.8925781)

[sub_resource type="SphereShape3D" id="SphereShape3D_fo5ed"]
radius = 0.1

[sub_resource type="SphereShape3D" id="SphereShape3D_5ukr8"]

[sub_resource type="StandardMaterial3D" id="StandardMaterial3D_o06y3"]
albedo_color = Color(1, 0, 0, 1)

[sub_resource type="SceneReplicationConfig" id="SceneReplicationConfig_6t5aa"]
properties/0/path = NodePath(".:position")
properties/0/spawn = true
properties/0/replication_mode = 1
properties/1/path = NodePath("Head/Camera3D:rotation")
properties/1/spawn = true
properties/1/replication_mode = 1
properties/2/path = NodePath("Head:rotation")
properties/2/spawn = true
properties/2/replication_mode = 1
properties/3/path = NodePath("Head/Stoneman/Left Arm Target:position")
properties/3/spawn = true
properties/3/replication_mode = 1
properties/4/path = NodePath("Head/Stoneman/Right Arm Target:position")
properties/4/spawn = true
properties/4/replication_mode = 1

[node name="Player" type="CharacterBody3D" unique_id=1288706838]
collision_layer = 10
collision_mask = 7
script = ExtResource("1_xpcdj")

[node name="Nametag" type="Label3D" parent="." unique_id=1452559245]
transform = Transform3D(1, 0, 0, 0, 1, 0, 0, 0, 1, 0, 2.1281512, 0)
billboard = 1
shaded = true
text = "
"

[node name="CollisionShape3D" type="CollisionShape3D" parent="." unique_id=1932185389]
transform = Transform3D(0.6625481, 0, 0, 0, 1.7481909, 0, 0, 0, 0.2394429, 0, 0.90595007, -0.017046168)
shape = SubResource("BoxShape3D_8j60k")

[node name="Head" type="Node3D" parent="." unique_id=310455427]

[node name="Camera3D" type="Camera3D" parent="Head" unique_id=1606156339]
transform = Transform3D(1, 0, 0, 0, 1, 0, 0, 0, 1, 0, 1.6523324, -0.019332029)
v_offset = 0.085

[node name="Stonehead" parent="Head/Camera3D" unique_id=1469678934 instance=ExtResource("2_mtuoh")]

[node name="ObjectGrabberShapeCast" type="ShapeCast3D" parent="Head/Camera3D" unique_id=1360882520]
transform = Transform3D(1, 0, 0, 0, 1, 0, 0, 0, 1, 0, 0.011269331, 0)
shape = SubResource("SphereShape3D_fo5ed")
target_position = Vector3(0, 0, -2)
collision_mask = 5

[node name="SpringArm3D" type="SpringArm3D" parent="Head/Camera3D" unique_id=79056542]
transform = Transform3D(1, 0, 0, 0, -0.9396926, -0.34202015, 0, 0.34202015, -0.9396926, 0, 0.08156812, 0)
shape = SubResource("SphereShape3D_5ukr8")
spring_length = 0.6

[node name="CSGSphere3D" type="CSGSphere3D" parent="Head/Camera3D/SpringArm3D" unique_id=452235644]
visible = false
radius = 0.05
material = SubResource("StandardMaterial3D_o06y3")

[node name="GrabbedAnchor" type="Marker3D" parent="Head/Camera3D/SpringArm3D" unique_id=1598422682]

[node name="Stoneman" parent="Head" unique_id=316174631 instance=ExtResource("3_htcer")]
transform = Transform3D(-0.091, 0, -7.955473e-09, 0, 0.091, 0, 7.955473e-09, 0, -0.091, 0, 0.042, 0)

[node name="Hand_l" parent="Head/Stoneman/Armature/Skeleton3D" parent_id_path=PackedInt32Array(316174631, 1923546427) index="2" unique_id=1445662308]
transform = Transform3D(-0.99194103, -0.09402223, -0.08492909, 0.08606078, -0.9919409, 0.09298757, -0.092987545, 0.08492911, 0.9920384, 3.0143652, -1.5392942, -0.69646144)

[node name="Lower Arm_l" parent="Head/Stoneman/Armature/Skeleton3D" parent_id_path=PackedInt32Array(316174631, 1923546427) index="3" unique_id=286529673]
transform = Transform3D(-0.99194103, -0.09402223, -0.08492909, 0.08606078, -0.9919409, 0.09298757, -0.092987545, 0.08492911, 0.9920384, 3.2902732, 1.3715646, -0.94568664)

[node name="Upper Arm_l" parent="Head/Stoneman/Armature/Skeleton3D" parent_id_path=PackedInt32Array(316174631, 1923546427) index="4" unique_id=438573251]
transform = Transform3D(-0.84393644, 0.5315547, -0.072257064, -0.5349636, -0.8439364, 0.039816044, -0.03981597, 0.072257124, 0.9965909, 1.3811173, 4.402683, -1.2052085)

[node name="Hand_r" parent="Head/Stoneman/Armature/Skeleton3D" parent_id_path=PackedInt32Array(316174631, 1923546427) index="5" unique_id=760919418]
transform = Transform3D(0.08488412, 0.09948841, 0.9914112, 0.093452096, -0.9914111, 0.09148696, 0.99199843, 0.08488375, -0.093452334, -3.020285, -1.5451918, -0.69595635)

[node name="Lower Arm_r" parent="Head/Stoneman/Armature/Skeleton3D" parent_id_path=PackedInt32Array(316174631, 1923546427) index="6" unique_id=1461569639]
transform = Transform3D(0.08488412, 0.09948841, 0.9914112, 0.093452096, -0.9914111, 0.09148696, 0.99199843, 0.08488375, -0.093452334, -3.3122334, 1.364111, -0.94504833)

[node name="Upper Arm_r" parent="Head/Stoneman/Armature/Skeleton3D" parent_id_path=PackedInt32Array(316174631, 1923546427) index="7" unique_id=1981717215]
transform = Transform3D(0.072435126, -0.5282208, 0.8460115, 0.04009927, -0.84601134, -0.53165406, 0.9965665, 0.07243484, -0.04009953, -1.4150515, 4.402683, -1.2052085)

[node name="Foot_l" parent="Head/Stoneman/Armature/Skeleton3D" parent_id_path=PackedInt32Array(316174631, 1923546427) index="9" unique_id=2122487475]
transform = Transform3D(0.00606272, 0.010486407, -0.9999266, -0.2472555, -0.96888274, -0.011659544, -0.96894944, 0.24729964, -0.0032803286, 1.5264382, -8.451192, -2.5698366)

[node name="Lower Leg_l" parent="Head/Stoneman/Armature/Skeleton3D" parent_id_path=PackedInt32Array(316174631, 1923546427) index="10" unique_id=1422766314]
transform = Transform3D(-0.0052354485, 0.040488817, -0.9991663, 0.6603149, -0.75022817, -0.03386068, -0.7509756, -0.65995944, -0.0228072, 1.320308, -4.631751, 0.7900424)

[node name="Upper Leg_l" parent="Head/Stoneman/Armature/Skeleton3D" parent_id_path=PackedInt32Array(316174631, 1923546427) index="11" unique_id=1321720886]
transform = Transform3D(0.033558074, 0.08571467, -0.9957544, -0.3630143, -0.9272282, -0.09204948, -0.93119824, 0.3645556, -3.5762787e-07, 0.93789095, -0.4949112, -0.83642685)

[node name="Foot_r" parent="Head/Stoneman/Armature/Skeleton3D" parent_id_path=PackedInt32Array(316174631, 1923546427) index="12" unique_id=2100352390]
transform = Transform3D(0.00015830249, -0.0011303555, -0.9999993, -0.7058021, -0.708409, 0.000688998, -0.7084237, 0.7058122, -0.00091023045, -1.5345292, -9.924845, -1.4571999)

[node name="Lower Leg_r" parent="Head/Stoneman/Armature/Skeleton3D" parent_id_path=PackedInt32Array(316174631, 1923546427) index="13" unique_id=1629609369]
transform = Transform3D(0.0010221414, -0.030080006, -0.999547, 0.18650371, -0.98200405, 0.029742766, -0.98247075, -0.18645544, 0.004606176, -1.3813908, -4.9254246, -0.50794804)

[node name="Upper Leg_r" parent="Head/Stoneman/Armature/Skeleton3D" parent_id_path=PackedInt32Array(316174631, 1923546427) index="14" unique_id=211115839]
transform = Transform3D(-0.00677705, -0.09179962, -0.9957544, -0.07331374, -0.993052, 0.09204942, -0.99730384, 0.073625, -2.3841858e-07, -0.9718256, -0.4949112, -0.83642685)

[node name="Left Leg Target" parent="Head/Stoneman" index="8" unique_id=134990272]
transform = Transform3D(1, 0, 0, 0, 1, 0, 0, 0, 1, 0.82080007, 4.122307, -0.60305744)

[node name="Right Leg Target" parent="Head/Stoneman" index="9" unique_id=921146363]
transform = Transform3D(1, 0, 0, 0, 1, 0, 0, 0, 1, -0.82080007, 3.354473, -0.37863064)

[node name="MultiplayerSynchronizer" type="MultiplayerSynchronizer" parent="." unique_id=91604768]
replication_config = SubResource("SceneReplicationConfig_6t5aa")

[connection signal="grabbed" from="." to="Head/Stoneman" method="_on_character_body_3d_grabbed"]

[editable path="Head/Stoneman"]
