[gd_scene format=3 uid="uid://be8qbmt0fe144"]

[ext_resource type="Script" uid="uid://cugl3nsf5vtlu" path="res://Scripts/Player/player.gd" id="1_xpcdj"]
[ext_resource type="PackedScene" uid="uid://cmig72j5xmifs" path="res://Scenes/Player/stoneman.tscn" id="3_htcer"]
[ext_resource type="PackedScene" uid="uid://cjhdkv3pjpfvs" path="res://Scenes/Player/player_interaction_scanner.tscn" id="4_mtuoh"]
[ext_resource type="PackedScene" uid="uid://cyqno8xk8nd5s" path="res://Scenes/Player/player_item_manager.tscn" id="5_htcer"]
[ext_resource type="PackedScene" uid="uid://n4qtw8ywlvml" path="res://Scenes/Player/player_animation_handler.tscn" id="6_dd0ac"]
[ext_resource type="PackedScene" uid="uid://dgda32g23vbly" path="res://Scenes/Player/player_body_handler.tscn" id="7_0u5uq"]

[sub_resource type="SceneReplicationConfig" id="SceneReplicationConfig_6t5aa"]
properties/0/path = NodePath(".:position")
properties/0/spawn = true
properties/0/replication_mode = 1
properties/1/path = NodePath("Head/Camera3D:rotation")
properties/1/spawn = true
properties/1/replication_mode = 1
properties/2/path = NodePath("Head:rotation")
properties/2/spawn = true
properties/2/replication_mode = 1
properties/3/path = NodePath("Head/Stoneman/Left Arm Target:position")
properties/3/spawn = true
properties/3/replication_mode = 1
properties/4/path = NodePath("Head/Stoneman/Right Arm Target:position")
properties/4/spawn = true
properties/4/replication_mode = 1

[sub_resource type="BoxShape3D" id="BoxShape3D_8j60k"]
size = Vector3(0.49902344, 0.9880371, 0.8925781)

[node name="Player" type="CharacterBody3D" unique_id=83244711]
collision_layer = 34
collision_mask = 7
script = ExtResource("1_xpcdj")

[node name="MultiplayerSynchronizer" type="MultiplayerSynchronizer" parent="." unique_id=91604768]
replication_config = SubResource("SceneReplicationConfig_6t5aa")

[node name="PlayerInteractionScanner" parent="." unique_id=957716532 node_paths=PackedStringArray("player_ref") instance=ExtResource("4_mtuoh")]
player_ref = NodePath("..")

[node name="PlayerItemManager" parent="." unique_id=506252639 node_paths=PackedStringArray("player_ref") instance=ExtResource("5_htcer")]
player_ref = NodePath("..")

[node name="PlayerAnimationManager" parent="." unique_id=231627570 node_paths=PackedStringArray("player_ref") instance=ExtResource("6_dd0ac")]
player_ref = NodePath("..")

[node name="PlayerBodyHandler" parent="." unique_id=270478860 node_paths=PackedStringArray("player_ref") instance=ExtResource("7_0u5uq")]
player_ref = NodePath("..")

[node name="GPUParticlesCollisionBox3D" type="GPUParticlesCollisionBox3D" parent="." unique_id=2126744791]
transform = Transform3D(1, 0, 0, 0, 1, 0, 0, 0, 1, 0, 0.9, 0)
size = Vector3(0.3, 1.8, 0.3)

[node name="CollisionShape3D" type="CollisionShape3D" parent="." unique_id=1932185389]
transform = Transform3D(0.6625481, 0, 0, 0, 1.7481909, 0, 0, 0, 0.2394429, 0, 0.90595007, -0.017046168)
shape = SubResource("BoxShape3D_8j60k")

[node name="Nametag" type="Label3D" parent="." unique_id=1452559245]
transform = Transform3D(1, 0, 0, 0, 1, 0, 0, 0, 1, 0, 2.1281512, 0)
billboard = 1
shaded = true
text = "
"

[node name="Stoneman" parent="." unique_id=316174631 instance=ExtResource("3_htcer")]
unique_name_in_owner = true
transform = Transform3D(0.09, 0, 0, 0, 0.09, 0, 0, 0, 0.09, 0, 0, 0)

[node name="Hand_r" parent="Stoneman/Armature/Skeleton3D" parent_id_path=PackedInt32Array(316174631, 1584209903) index="5" unique_id=1516953787]
transform = Transform3D(0.056323428, -0.032165527, 0.99789417, 0.054452952, -0.997894, -0.03523901, 0.99692625, 0.056323044, -0.05445328, -2.793171, -1.8747058, -0.85090035)

[node name="Lower Arm_r" parent="Stoneman/Armature/Skeleton3D" parent_id_path=PackedInt32Array(316174631, 1584209903) index="6" unique_id=1262304219]
transform = Transform3D(0.056323428, -0.032165527, 0.99789417, 0.054452952, -0.997894, -0.03523901, 0.99692625, 0.056323044, -0.05445328, -2.69878, 1.053621, -1.0161808)

[node name="Foot_l" parent="Stoneman/Armature/Skeleton3D" parent_id_path=PackedInt32Array(316174631, 1584209903) index="9" unique_id=220451107]
transform = Transform3D(0.0043085217, 0.008086678, -0.99995804, -0.31831473, -0.9479441, -0.009037232, -0.9479942, 0.31833494, -0.0015093703, 1.5203288, -8.778107, -2.5253446)

[node name="Lower Leg_l" parent="Stoneman/Armature/Skeleton3D" parent_id_path=PackedInt32Array(316174631, 1584209903) index="10" unique_id=1881252062]
transform = Transform3D(-0.004244346, 0.037688542, -0.99928063, 0.6029275, -0.79713094, -0.032624878, -0.79779214, -0.6026492, -0.019339904, 1.3284549, -4.7198825, 0.54276586)

[node name="Upper Leg_l" parent="Stoneman/Armature/Skeleton3D" parent_id_path=PackedInt32Array(316174631, 1584209903) index="11" unique_id=943715444]
transform = Transform3D(0.028456243, 0.08754072, -0.9957545, -0.30782428, -0.9469819, -0.09204948, -0.9510364, 0.30913123, -4.7683716e-07, 0.93789095, -0.4949112, -0.83642685)

[node name="Foot_r" parent="Stoneman/Armature/Skeleton3D" parent_id_path=PackedInt32Array(316174631, 1584209903) index="12" unique_id=1738094402]
transform = Transform3D(-0.0023262836, -0.0052614324, -0.9999834, -0.43022877, -0.90270275, 0.0057502557, -0.902736, 0.43023458, -0.00016444363, -1.5464538, -9.212147, -2.3453536)

[node name="Lower Leg_r" parent="Stoneman/Armature/Skeleton3D" parent_id_path=PackedInt32Array(316174631, 1584209903) index="13" unique_id=280433568]
transform = Transform3D(0.0030303448, -0.034460094, -0.9994015, 0.50241905, -0.864058, 0.031316582, -0.86462975, -0.50222844, 0.014694695, -1.3710161, -4.8131933, 0.21151078)

[node name="Upper Leg_r" parent="Stoneman/Armature/Skeleton3D" parent_id_path=PackedInt32Array(316174631, 1584209903) index="14" unique_id=2004784748]
transform = Transform3D(-0.021621138, -0.08947424, -0.9957544, -0.23389097, -0.9678966, 0.09204942, -0.97204083, 0.23488396, -2.3841858e-07, -0.9718256, -0.4949112, -0.83642685)

[node name="Physical Bone Lower Chest" parent="Stoneman/Armature/Skeleton3D/PhysicalBoneSimulator3D" parent_id_path=PackedInt32Array(316174631, 1072758212) index="0" unique_id=541152247]
transform = Transform3D(11.111111, -6.953875e-06, 0, 0, 0, -11.111111, 6.953875e-06, 11.111111, 0, 3.2336102e-06, 0.6890793, -1.0260487)
joint_offset = Transform3D(1, 0, 0, 0, 1, 0, 0, 0, 1, -2.91024e-07, 1.4671687e-06, 0.06201714)
body_offset = Transform3D(11.111111, -6.953875e-06, 0, 0, 0, -11.111111, 6.953875e-06, 11.111111, 0, 3.2336102e-06, 0.6890793, -1.630187e-05)

[node name="Physical Bone Upper Chest" parent="Stoneman/Armature/Skeleton3D/PhysicalBoneSimulator3D" parent_id_path=PackedInt32Array(316174631, 1072758212) index="1" unique_id=389848489]
transform = Transform3D(11.111111, -1.5064579e-05, -3.9451647e-06, -3.2372832e-06, 0.5189335, -11.098987, 1.5232396e-05, 11.098986, 0.51893353, 1.7717539e-05, 3.5541582, -1.1278183)
joint_offset = Transform3D(1, 0, 0, 0, 1, 0, 0, 0, 1, -1.5249598e-06, 4.2311267e-06, 0.1960541)
body_offset = Transform3D(11.111111, -1.7713674e-05, -3.9451725e-06, -3.945121e-06, 3.2246113e-05, -11.111112, 1.7713686e-05, 11.111111, 3.2305717e-05, 1.7717539e-05, 2.178379, -5.3346157e-05)

[node name="Physical Bone Neck" parent="Stoneman/Armature/Skeleton3D/PhysicalBoneSimulator3D" parent_id_path=PackedInt32Array(316174631, 1072758212) index="2" unique_id=1561817379]
transform = Transform3D(11.111111, 5.2981904e-06, 8.198637e-10, 8.198241e-10, 8.299818e-08, -11.111111, -5.2981904e-06, 11.111111, 8.299818e-08, -3.2776734e-07, 5.965536, -1.2295766)
joint_offset = Transform3D(1, 0, 0, 0, 1, 0, 0, 0, 1, 2.9496833e-08, 2.81072e-06, 0.021092204)
body_offset = Transform3D(11.111111, 2.6490952e-06, 8.198538e-10, 8.1988016e-10, 2.1397284e-10, -11.111112, -2.6490945e-06, 11.111108, 1.2439025e-07, -3.2776734e-07, 0.23435783, -3.1232834e-05)

[node name="Head" parent="Stoneman/Armature/Skeleton3D/PhysicalBoneSimulator3D/Physical Bone Neck" index="1" unique_id=1574753834]
transform = Transform3D(-0.09, -1.3589623e-08, 0, 0, -3.934012e-09, -0.09, 1.3589623e-08, -0.09, 3.9340122e-09, 2.3028406e-08, 0.012766179, -0.075972795)

[node name="Physical Bone Upper Arm_l" parent="Stoneman/Armature/Skeleton3D/PhysicalBoneSimulator3D" parent_id_path=PackedInt32Array(316174631, 1072758212) index="3" unique_id=1992439994]
transform = Transform3D(-10.335261, -0.64370996, -4.028001, -4.055369, 0.43940824, 10.335264, -0.4394678, 11.083743, -0.64366925, 2.0103054, 2.729783, -1.0932937)
joint_offset = Transform3D(1, 0, 0, 0, 1, 0, 0, 0, 1, -0.0018810012, -0.0008127151, 0.16115972)
body_offset = Transform3D(11.111113, 4.273653e-05, -0.00019945763, -0.00019889139, -1.013279e-05, -11.111114, -4.2706728e-05, 11.111113, -1.0073185e-05, 0.020932198, 1.7906637, 0.009031713)

[node name="Physical Bone Lower Arm_l" parent="Stoneman/Armature/Skeleton3D/PhysicalBoneSimulator3D" parent_id_path=PackedInt32Array(316174631, 1072758212) index="4" unique_id=692847862]
transform = Transform3D(-11.082014, -0.6886848, -0.41406232, -0.45534715, 0.66442055, 11.081877, -0.6621128, 11.069826, -0.69090384, 2.729697, -0.40381336, -0.90030265)
joint_offset = Transform3D(1, 0, 0, 0, 1, 0, 0, 0, 1, -0.00071461726, -0.00053617696, 0.1322609)
body_offset = Transform3D(11.111112, -0.0015185475, 3.900379e-06, 4.2282045e-06, -0.0007330775, -11.111112, 0.0015187263, 11.111111, -0.0007330775, 0.007938862, 1.4695654, 0.0060555637)

[node name="Physical Bone Upper Arm_r" parent="Stoneman/Armature/Skeleton3D/PhysicalBoneSimulator3D" parent_id_path=PackedInt32Array(316174631, 1072758212) index="5" unique_id=1855419348]
transform = Transform3D(0.5863222, 10.360463, 3.9716272, 0.40217134, -3.994399, 10.360494, 11.08834, -0.40295812, -0.58578175, -2.0660732, 2.7236748, -1.106812)
joint_offset = Transform3D(1, 0, 0, 0, 1, 0, 0, 0, 1, -0.0002761779, 0.00063107413, 0.1623127)
body_offset = Transform3D(11.111114, -0.0012734532, -0.0009941459, -0.0009937286, 0.0003649313, -11.111114, 0.0012731254, 11.111113, 0.0003632307, 0.0032308102, 1.8034744, -0.0070705414)

[node name="Physical Bone Lower Arm_r" parent="Stoneman/Armature/Skeleton3D/PhysicalBoneSimulator3D" parent_id_path=PackedInt32Array(316174631, 1072758212) index="6" unique_id=1774602281]
transform = Transform3D(0.6286307, 11.087563, 0.35716832, 0.6051334, -0.3914823, 11.087711, 11.076797, -0.60785466, -0.6259997, -2.7379446, -0.4101696, -0.9301811)
joint_offset = Transform3D(1, 0, 0, 0, 1, 0, 0, 0, 1, -0.0003417591, -0.00070090423, 0.13201302)
body_offset = Transform3D(11.1111145, -0.0028146505, -0.0002002716, -0.00020003319, -0.00021605566, -11.111117, 0.002814114, 11.111114, -0.00021573156, 0.0038217902, 1.4668121, 0.007817268)

[node name="Physical Bone Upper Leg_l" parent="Stoneman/Armature/Skeleton3D/PhysicalBoneSimulator3D" parent_id_path=PackedInt32Array(316174631, 1072758212) index="7" unique_id=1983502860]
transform = Transform3D(0.3151848, -11.063974, -0.972587, -3.4097328, -1.0223831, 10.525456, -10.570296, -0.00010814865, -3.4242692, 1.1346424, -2.5430584, -0.15131754)
joint_offset = Transform3D(1, 0, 0, 0, 1, 0, 0, 0, 1, 0.0015888878, 0.00067177933, 0.1951699)
body_offset = Transform3D(11.110907, -2.285499e-05, -0.011061668, -0.011062622, -0.00040316995, -11.111103, 2.1527921e-05, 11.11111, -0.0004035183, -0.015495062, 2.1685705, -0.0073854923)

[node name="Physical Bone Lower Leg_l" parent="Stoneman/Armature/Skeleton3D/PhysicalBoneSimulator3D" parent_id_path=PackedInt32Array(316174631, 1072758212) index="8" unique_id=1423719608]
transform = Transform3D(-0.047165226, -11.103117, -0.41875595, 6.6985483, -0.36251602, 8.857472, -8.864762, -0.21485631, 6.6952677, 1.4080194, -6.6920514, -0.97820437)
joint_offset = Transform3D(1, 0, 0, 0, 1, 0, 0, 0, 1, -0.0021758138, -0.0012823717, 0.22424899)
body_offset = Transform3D(11.111045, -3.5598874e-05, 0.0009446144, 0.0007586479, -5.081296e-06, -11.110975, 3.4719706e-05, 11.111109, -4.61936e-06, 0.02396369, 2.4916265, 0.014249682)

[node name="Physical Bone Upper Leg_r" parent="Stoneman/Armature/Skeleton3D/PhysicalBoneSimulator3D" parent_id_path=PackedInt32Array(316174631, 1072758212) index="9" unique_id=492667798]
transform = Transform3D(-0.24125205, -11.063923, 0.9940783, -2.61276, 1.0229341, 10.750994, -10.796854, -0.00032301422, -2.6238747, -1.1857105, -2.5897646, -0.30752304)
joint_offset = Transform3D(1, 0, 0, 0, 1, 0, 0, 0, 1, 0.0015029343, -0.0018090393, 0.1953895)
body_offset = Transform3D(11.1109, 0.00027301113, 0.014459133, 0.01445961, -0.00023424823, -11.1111, -0.00027323252, 11.11111, -0.00023482418, -0.01952362, 2.17097, 0.020146728)

[node name="Physical Bone Lower Leg_r" parent="Stoneman/Armature/Skeleton3D/PhysicalBoneSimulator3D" parent_id_path=PackedInt32Array(316174631, 1072758212) index="10" unique_id=1824740642]
transform = Transform3D(0.033562366, -11.104445, 0.3833359, 5.5792065, 0.34834984, 9.602494, -9.608752, 0.16347848, 5.5769114, -1.4601414, -6.7590747, -0.9294765)
joint_offset = Transform3D(1, 0, 0, 0, 1, 0, 0, 0, 1, -0.0008423761, -0.0010150232, 0.2031696)
body_offset = Transform3D(11.111008, 1.8447638e-05, 0.0038728714, 0.0036740303, -0.00043807924, -11.111014, -1.8805265e-05, 11.111111, -0.00043778121, 0.008572817, 2.257423, 0.011366963)

[node name="Left Leg Target" parent="Stoneman" index="8" unique_id=134990272]
transform = Transform3D(1, 0, 0, 0, 1, 0, 0, 0, 1, 0.90288013, 4.0167027, -0.5754886)

[node name="Right Leg Target" parent="Stoneman" index="9" unique_id=921146363]
transform = Transform3D(1, 0, 0, 0, 1, 0, 0, 0, 1, -0.90288013, 3.8621223, -0.53030694)

[connection signal="interacted_external_item" from="PlayerInteractionScanner" to="PlayerItemManager" method="_on_int_scan_interacted_external_item"]
[connection signal="allow_interaction" from="PlayerItemManager" to="PlayerInteractionScanner" method="_allow_interaction"]
[connection signal="dropped_item" from="PlayerItemManager" to="PlayerBodyHandler" method="right_hand_idle"]
[connection signal="grabbed_item" from="PlayerItemManager" to="PlayerBodyHandler" method="right_hand_holding"]

[editable path="Stoneman"]
