[gd_scene format=3 uid="uid://be8qbmt0fe144"]

[ext_resource type="Script" uid="uid://cugl3nsf5vtlu" path="res://Scripts/Player/player.gd" id="1_xpcdj"]
[ext_resource type="PackedScene" uid="uid://d3xlqucrpd30n" path="res://Scenes/Player/stonehead.tscn" id="2_mtuoh"]
[ext_resource type="PackedScene" uid="uid://cmig72j5xmifs" path="res://Scenes/Player/stoneman.tscn" id="3_htcer"]

[sub_resource type="BoxShape3D" id="BoxShape3D_8j60k"]
size = Vector3(0.49902344, 0.9880371, 0.8925781)

[sub_resource type="SphereShape3D" id="SphereShape3D_fo5ed"]
radius = 0.1

[sub_resource type="SphereShape3D" id="SphereShape3D_5ukr8"]

[sub_resource type="StandardMaterial3D" id="StandardMaterial3D_o06y3"]
albedo_color = Color(1, 0, 0, 1)

[sub_resource type="SceneReplicationConfig" id="SceneReplicationConfig_6t5aa"]
properties/0/path = NodePath(".:position")
properties/0/spawn = true
properties/0/replication_mode = 1
properties/1/path = NodePath("Head/Camera3D:rotation")
properties/1/spawn = true
properties/1/replication_mode = 1
properties/2/path = NodePath("Head:rotation")
properties/2/spawn = true
properties/2/replication_mode = 1
properties/3/path = NodePath("Head/Stoneman/Left Arm Target:position")
properties/3/spawn = true
properties/3/replication_mode = 1
properties/4/path = NodePath("Head/Stoneman/Right Arm Target:position")
properties/4/spawn = true
properties/4/replication_mode = 1

[node name="Player" type="CharacterBody3D" unique_id=1288706838]
collision_layer = 10
collision_mask = 7
script = ExtResource("1_xpcdj")

[node name="Nametag" type="Label3D" parent="." unique_id=1452559245]
transform = Transform3D(1, 0, 0, 0, 1, 0, 0, 0, 1, 0, 2.1281512, 0)
billboard = 1
shaded = true
text = "
"

[node name="CollisionShape3D" type="CollisionShape3D" parent="." unique_id=1932185389]
transform = Transform3D(0.6625481, 0, 0, 0, 1.7481909, 0, 0, 0, 0.2394429, 0, 0.90595007, -0.017046168)
shape = SubResource("BoxShape3D_8j60k")

[node name="Head" type="Node3D" parent="." unique_id=310455427]

[node name="Camera3D" type="Camera3D" parent="Head" unique_id=1606156339]
transform = Transform3D(1, 0, 0, 0, 1, 0, 0, 0, 1, 0, 1.6523324, -0.019332029)
v_offset = 0.085

[node name="Stonehead" parent="Head/Camera3D" unique_id=1469678934 instance=ExtResource("2_mtuoh")]

[node name="ObjectGrabberShapeCast" type="ShapeCast3D" parent="Head/Camera3D" unique_id=1360882520]
transform = Transform3D(1, 0, 0, 0, 1, 0, 0, 0, 1, 0, 0.011269331, 0)
shape = SubResource("SphereShape3D_fo5ed")
target_position = Vector3(0, 0, -2)
collision_mask = 5

[node name="SpringArm3D" type="SpringArm3D" parent="Head/Camera3D" unique_id=79056542]
transform = Transform3D(1, 0, 0, 0, -0.9396926, -0.34202015, 0, 0.34202015, -0.9396926, 0, 0.08156812, 0)
shape = SubResource("SphereShape3D_5ukr8")
spring_length = 0.6

[node name="CSGSphere3D" type="CSGSphere3D" parent="Head/Camera3D/SpringArm3D" unique_id=452235644]
visible = false
radius = 0.05
material = SubResource("StandardMaterial3D_o06y3")

[node name="GrabbedAnchor" type="Marker3D" parent="Head/Camera3D/SpringArm3D" unique_id=1598422682]

[node name="Stoneman" parent="Head" unique_id=316174631 instance=ExtResource("3_htcer")]
transform = Transform3D(-0.091, 0, -7.955473e-09, 0, 0.091, 0, 7.955473e-09, 0, -0.091, 0, 0.042, 0)

[node name="Hand_l" parent="Head/Stoneman/Armature/Skeleton3D" parent_id_path=PackedInt32Array(316174631, 1567360694) index="2" unique_id=1618052020]
transform = Transform3D(-0.9975488, 0.016208969, -0.068068914, -0.020768484, -0.99754864, 0.06681915, -0.06681901, 0.06806905, 0.9954404, 2.875298, -1.8044367, -0.7816579)

[node name="Lower Arm_l" parent="Head/Stoneman/Armature/Skeleton3D" parent_id_path=PackedInt32Array(316174631, 1567360694) index="3" unique_id=134843940]
transform = Transform3D(-0.9975488, 0.016208969, -0.068068914, -0.020768484, -0.99754864, 0.06681915, -0.06681901, 0.06806905, 0.9954404, 2.8277316, 1.1228781, -0.98140705)

[node name="Upper Arm_l" parent="Head/Stoneman/Armature/Skeleton3D" parent_id_path=PackedInt32Array(316174631, 1567360694) index="4" unique_id=1957109089]
transform = Transform3D(-0.9131768, 0.40277192, -0.062311664, -0.4055398, -0.91317666, 0.040563717, -0.040563654, 0.06231171, 0.997232, 1.3811173, 4.402683, -1.2052085)

[node name="Hand_r" parent="Head/Stoneman/Armature/Skeleton3D" parent_id_path=PackedInt32Array(316174631, 1567360694) index="5" unique_id=461388532]
transform = Transform3D(0.068073116, -0.012237906, 0.9976052, 0.067088775, -0.99760497, -0.016815841, 0.99542195, 0.068072855, -0.067089036, -2.886258, -1.8095484, -0.78130835)

[node name="Lower Arm_r" parent="Head/Stoneman/Armature/Skeleton3D" parent_id_path=PackedInt32Array(316174631, 1567360694) index="6" unique_id=1210673677]
transform = Transform3D(0.068073116, -0.012237906, 0.9976052, 0.067088775, -0.99760497, -0.016815841, 0.99542195, 0.068072855, -0.067089036, -2.850345, 1.1179302, -0.9810687)

[node name="Upper Arm_r" parent="Head/Stoneman/Armature/Skeleton3D" parent_id_path=PackedInt32Array(316174631, 1567360694) index="7" unique_id=1082149468]
transform = Transform3D(0.062406052, -0.39961988, 0.9145541, 0.040777843, -0.91455394, -0.40240237, 0.9972173, 0.062405914, -0.04077803, -1.4150515, 4.402683, -1.2052085)

[node name="Foot_l" parent="Head/Stoneman/Armature/Skeleton3D" parent_id_path=PackedInt32Array(316174631, 1567360694) index="9" unique_id=1866514752]
transform = Transform3D(0.0009118803, 0.0031066667, -0.9999947, -0.547682, -0.83668166, -0.003098635, -0.83670396, 0.5476863, 0.00093903206, 1.5062221, -9.579458, -2.0407732)

[node name="Lower Leg_l" parent="Head/Stoneman/Armature/Skeleton3D" parent_id_path=PackedInt32Array(316174631, 1567360694) index="10" unique_id=1076562430]
transform = Transform3D(-0.002050016, 0.03207758, -0.9994833, 0.3816341, -0.923813, -0.030431677, -0.9243251, -0.38151112, -0.010347898, 1.3429139, -4.876291, -0.09848517)

[node name="Upper Leg_l" parent="Head/Stoneman/Armature/Skeleton3D" parent_id_path=PackedInt32Array(316174631, 1567360694) index="11" unique_id=460195812]
transform = Transform3D(0.015225742, 0.090781555, -0.9957544, -0.16470237, -0.9820392, -0.09204948, -0.9862439, 0.1654017, -3.5762787e-07, 0.93789095, -0.4949112, -0.83642685)

[node name="Foot_r" parent="Head/Stoneman/Armature/Skeleton3D" parent_id_path=PackedInt32Array(316174631, 1567360694) index="12" unique_id=1663286677]
transform = Transform3D(-0.0015823971, -0.004136339, -0.9999903, -0.48680532, -0.8735005, 0.00438332, -0.87352777, 0.48680943, -0.00063205976, -1.5432131, -9.399858, -2.2117667)

[node name="Lower Leg_r" parent="Head/Stoneman/Armature/Skeleton3D" parent_id_path=PackedInt32Array(316174631, 1567360694) index="13" unique_id=1476207980]
transform = Transform3D(0.0025213435, -0.033211794, -0.9994453, 0.44638285, -0.89431125, 0.03084414, -0.894851, -0.44622654, 0.012570015, -1.3741306, -4.8468857, 0.05998993)

[node name="Upper Leg_r" parent="Head/Stoneman/Armature/Skeleton3D" parent_id_path=PackedInt32Array(316174631, 1567360694) index="14" unique_id=57463057]
transform = Transform3D(-0.018494938, -0.09017233, -0.99575454, -0.20007277, -0.97544837, 0.09204944, -0.9796248, 0.20092219, -2.3841858e-07, -0.9718256, -0.4949112, -0.83642685)

[node name="Left Leg Target" parent="Head/Stoneman" index="8" unique_id=134990272]
transform = Transform3D(1, 0, 0, 0, 1, 0, 0, 0, 1, 0.82080007, 3.6923308, -0.47738165)

[node name="Right Leg Target" parent="Head/Stoneman" index="9" unique_id=921146363]
transform = Transform3D(1, 0, 0, 0, 1, 0, 0, 0, 1, -0.82080007, 3.7844489, -0.50430644)

[node name="MultiplayerSynchronizer" type="MultiplayerSynchronizer" parent="." unique_id=91604768]
replication_config = SubResource("SceneReplicationConfig_6t5aa")

[connection signal="grabbed" from="." to="Head/Stoneman" method="_on_character_body_3d_grabbed"]

[editable path="Head/Stoneman"]
