[gd_scene format=3 uid="uid://be8qbmt0fe144"]

[ext_resource type="Script" uid="uid://cugl3nsf5vtlu" path="res://Scripts/Player/player.gd" id="1_xpcdj"]
[ext_resource type="PackedScene" uid="uid://d3xlqucrpd30n" path="res://Scenes/Player/stonehead.tscn" id="2_mtuoh"]
[ext_resource type="PackedScene" uid="uid://cmig72j5xmifs" path="res://Scenes/Player/stoneman.tscn" id="3_htcer"]

[sub_resource type="BoxShape3D" id="BoxShape3D_8j60k"]
size = Vector3(0.49902344, 0.9880371, 0.8925781)

[sub_resource type="SphereShape3D" id="SphereShape3D_fo5ed"]
radius = 0.1

[sub_resource type="SphereShape3D" id="SphereShape3D_5ukr8"]

[sub_resource type="StandardMaterial3D" id="StandardMaterial3D_o06y3"]
albedo_color = Color(1, 0, 0, 1)

[sub_resource type="SceneReplicationConfig" id="SceneReplicationConfig_6t5aa"]
properties/0/path = NodePath(".:position")
properties/0/spawn = true
properties/0/replication_mode = 1
properties/1/path = NodePath("Head/Camera3D:rotation")
properties/1/spawn = true
properties/1/replication_mode = 1
properties/2/path = NodePath("Head:rotation")
properties/2/spawn = true
properties/2/replication_mode = 1
properties/3/path = NodePath("Head/Stoneman/Left Arm Target:position")
properties/3/spawn = true
properties/3/replication_mode = 1
properties/4/path = NodePath("Head/Stoneman/Right Arm Target:position")
properties/4/spawn = true
properties/4/replication_mode = 1

[node name="Player" type="CharacterBody3D" unique_id=1288706838]
collision_layer = 10
collision_mask = 7
script = ExtResource("1_xpcdj")

[node name="Nametag" type="Label3D" parent="." unique_id=1452559245]
transform = Transform3D(1, 0, 0, 0, 1, 0, 0, 0, 1, 0, 2.1281512, 0)
billboard = 1
shaded = true
text = "
"

[node name="CollisionShape3D" type="CollisionShape3D" parent="." unique_id=1932185389]
transform = Transform3D(0.6625481, 0, 0, 0, 1.7481909, 0, 0, 0, 0.2394429, 0, 0.90595007, -0.017046168)
shape = SubResource("BoxShape3D_8j60k")

[node name="Head" type="Node3D" parent="." unique_id=310455427]

[node name="Camera3D" type="Camera3D" parent="Head" unique_id=1606156339]
transform = Transform3D(1, 0, 0, 0, 1, 0, 0, 0, 1, 0, 1.6523324, -0.019332029)
v_offset = 0.085

[node name="Stonehead" parent="Head/Camera3D" unique_id=1469678934 instance=ExtResource("2_mtuoh")]

[node name="ObjectGrabberShapeCast" type="ShapeCast3D" parent="Head/Camera3D" unique_id=1360882520]
transform = Transform3D(1, 0, 0, 0, 1, 0, 0, 0, 1, 0, 0.011269331, 0)
shape = SubResource("SphereShape3D_fo5ed")
target_position = Vector3(0, 0, -2)
collision_mask = 5

[node name="SpringArm3D" type="SpringArm3D" parent="Head/Camera3D" unique_id=79056542]
transform = Transform3D(1, 0, 0, 0, -0.9396926, -0.34202015, 0, 0.34202015, -0.9396926, 0, 0.08156812, 0)
shape = SubResource("SphereShape3D_5ukr8")
spring_length = 0.6

[node name="CSGSphere3D" type="CSGSphere3D" parent="Head/Camera3D/SpringArm3D" unique_id=452235644]
visible = false
radius = 0.05
material = SubResource("StandardMaterial3D_o06y3")

[node name="GrabbedAnchor" type="Marker3D" parent="Head/Camera3D/SpringArm3D" unique_id=1598422682]

[node name="Stoneman" parent="Head" unique_id=316174631 instance=ExtResource("3_htcer")]
transform = Transform3D(-0.091, 0, -7.955473e-09, 0, 0.091, 0, 7.955473e-09, 0, -0.091, 0, 0.042, 0)

[node name="Hand_l" parent="Head/Stoneman/Armature/Skeleton3D" parent_id_path=PackedInt32Array(316174631, 1923546427) index="2" unique_id=1445662308]
transform = Transform3D(-0.9975452, 0.013167626, -0.0687759, -0.017836215, -0.9975451, 0.06771547, -0.06771543, 0.068775944, 0.9953313, 2.8841305, -1.7964153, -0.7778104)

[node name="Lower Arm_l" parent="Head/Stoneman/Armature/Skeleton3D" parent_id_path=PackedInt32Array(316174631, 1923546427) index="3" unique_id=286529673]
transform = Transform3D(-0.9975452, 0.013167626, -0.0687759, -0.017836215, -0.9975451, 0.06771547, -0.06771543, 0.068775944, 0.9953313, 2.845489, 1.1308892, -0.979634)

[node name="Upper Arm_l" parent="Head/Stoneman/Armature/Skeleton3D" parent_id_path=PackedInt32Array(316174631, 1923546427) index="4" unique_id=438573251]
transform = Transform3D(-0.91094625, 0.4077161, -0.06280532, -0.41051814, -0.9109462, 0.040641967, -0.040641896, 0.06280537, 0.99719787, 1.3811173, 4.402683, -1.2052085)

[node name="Hand_r" parent="Head/Stoneman/Armature/Skeleton3D" parent_id_path=PackedInt32Array(316174631, 1923546427) index="5" unique_id=760919418]
transform = Transform3D(0.068779364, -0.009143919, 0.99758995, 0.06799157, -0.9975897, -0.013831675, 0.99531215, 0.06877902, -0.06799188, -2.8948796, -1.80159, -0.7774532)

[node name="Lower Arm_r" parent="Head/Stoneman/Armature/Skeleton3D" parent_id_path=PackedInt32Array(316174631, 1923546427) index="6" unique_id=1461569639]
transform = Transform3D(0.068779364, -0.009143919, 0.99758995, 0.06799157, -0.9975897, -0.013831675, 0.99531215, 0.06877902, -0.06799188, -2.8680458, 1.125844, -0.9792858)

[node name="Upper Arm_r" parent="Head/Stoneman/Armature/Skeleton3D" parent_id_path=PackedInt32Array(316174631, 1923546427) index="7" unique_id=1981717215]
transform = Transform3D(0.062902555, -0.4045482, 0.9123507, 0.040859304, -0.91235054, -0.40736523, 0.9971828, 0.06290231, -0.040859632, -1.4150515, 4.402683, -1.2052085)

[node name="Foot_l" parent="Head/Stoneman/Armature/Skeleton3D" parent_id_path=PackedInt32Array(316174631, 1923546427) index="9" unique_id=2122487475]
transform = Transform3D(-0.0001828745, 0.0010644011, -0.9999994, -0.7128667, -0.70129955, -0.00061608106, -0.70131385, 0.71287715, 0.0008872212, 1.5004275, -9.935484, -1.4262208)

[node name="Lower Leg_l" parent="Head/Stoneman/Armature/Skeleton3D" parent_id_path=PackedInt32Array(316174631, 1923546427) index="10" unique_id=1422766314]
transform = Transform3D(-0.000981858, 0.03002232, -0.9995488, 0.17664982, -0.98382497, -0.029723547, -0.98429036, -0.17660485, -0.004337428, 1.3475826, -4.9267926, -0.5271186)

[node name="Upper Leg_l" parent="Head/Stoneman/Armature/Skeleton3D" parent_id_path=PackedInt32Array(316174631, 1923546427) index="11" unique_id=1321720886]
transform = Transform3D(0.006382043, 0.09182799, -0.9957544, -0.06903498, -0.9933586, -0.092049494, -0.99761176, 0.069328114, -3.5762787e-07, 0.93789095, -0.4949112, -0.83642685)

[node name="Foot_r" parent="Head/Stoneman/Armature/Skeleton3D" parent_id_path=PackedInt32Array(316174631, 1923546427) index="12" unique_id=2100352390]
transform = Transform3D(-0.0064775907, -0.011043511, -0.999918, -0.23316026, -0.97236395, 0.012249166, -0.97243476, 0.2332114, 0.003722664, -1.5617177, -8.380277, -2.5704646)

[node name="Lower Leg_r" parent="Head/Stoneman/Armature/Skeleton3D" parent_id_path=PackedInt32Array(316174631, 1923546427) index="13" unique_id=1629609369]
transform = Transform3D(0.0054609105, -0.041145384, -0.9991383, 0.6711417, -0.7405449, 0.034164026, -0.7413136, -0.6707678, 0.023569858, -1.3522451, -4.6101336, 0.8444401)

[node name="Upper Leg_r" parent="Head/Stoneman/Armature/Skeleton3D" parent_id_path=PackedInt32Array(316174631, 1923546427) index="14" unique_id=211115839]
transform = Transform3D(-0.034679912, -0.0852669, -0.9957544, -0.37515548, -0.92238295, 0.092049435, -0.9263323, 0.37674826, -2.3841858e-07, -0.9718256, -0.4949112, -0.83642685)

[node name="Left Leg Target" parent="Head/Stoneman" index="8" unique_id=134990272]
transform = Transform3D(1, 0, 0, 0, 1, 0, 0, 0, 1, 0.82080007, 3.3329997, -0.37235433)

[node name="Right Leg Target" parent="Head/Stoneman" index="9" unique_id=921146363]
transform = Transform3D(1, 0, 0, 0, 1, 0, 0, 0, 1, -0.82080007, 4.1437798, -0.60933375)

[node name="MultiplayerSynchronizer" type="MultiplayerSynchronizer" parent="." unique_id=91604768]
replication_config = SubResource("SceneReplicationConfig_6t5aa")

[connection signal="grabbed" from="." to="Head/Stoneman" method="_on_character_body_3d_grabbed"]

[editable path="Head/Stoneman"]
