[gd_scene format=3 uid="uid://be8qbmt0fe144"]

[ext_resource type="Script" uid="uid://cugl3nsf5vtlu" path="res://Scripts/Player/player.gd" id="1_xpcdj"]
[ext_resource type="PackedScene" uid="uid://d3xlqucrpd30n" path="res://Scenes/Player/stonehead.tscn" id="2_mtuoh"]
[ext_resource type="PackedScene" uid="uid://cmig72j5xmifs" path="res://Scenes/Player/stoneman.tscn" id="3_htcer"]

[sub_resource type="CapsuleMesh" id="CapsuleMesh_fo5ed"]

[sub_resource type="BoxShape3D" id="BoxShape3D_8j60k"]
size = Vector3(0.49902344, 0.9880371, 0.8925781)

[sub_resource type="SphereShape3D" id="SphereShape3D_fo5ed"]
radius = 0.1

[sub_resource type="SphereShape3D" id="SphereShape3D_5ukr8"]

[sub_resource type="StandardMaterial3D" id="StandardMaterial3D_o06y3"]
albedo_color = Color(1, 0, 0, 1)

[sub_resource type="SceneReplicationConfig" id="SceneReplicationConfig_6t5aa"]
properties/0/path = NodePath(".:position")
properties/0/spawn = true
properties/0/replication_mode = 1
properties/1/path = NodePath("Head/Camera3D:rotation")
properties/1/spawn = true
properties/1/replication_mode = 1
properties/2/path = NodePath("Head:rotation")
properties/2/spawn = true
properties/2/replication_mode = 1
properties/3/path = NodePath("Head/Stoneman/Left Arm Target:position")
properties/3/spawn = true
properties/3/replication_mode = 1
properties/4/path = NodePath("Head/Stoneman/Right Arm Target:position")
properties/4/spawn = true
properties/4/replication_mode = 1

[node name="Player" type="CharacterBody3D" unique_id=1288706838]
collision_layer = 2
collision_mask = 7
script = ExtResource("1_xpcdj")

[node name="Nametag" type="Label3D" parent="." unique_id=1452559245]
transform = Transform3D(1, 0, 0, 0, 1, 0, 0, 0, 1, 0, 2.1281512, 0)
billboard = 1
shaded = true
text = "
"

[node name="MeshInstance3D" type="MeshInstance3D" parent="." unique_id=112410639]
transform = Transform3D(1, 0, 0, 0, 1, 0, 0, 0, 1, 0, 1.0193906, 0)
visible = false
mesh = SubResource("CapsuleMesh_fo5ed")

[node name="CollisionShape3D" type="CollisionShape3D" parent="." unique_id=1932185389]
transform = Transform3D(0.6625481, 0, 0, 0, 1.7481909, 0, 0, 0, 0.2394429, 0, 0.90595007, -0.017046168)
shape = SubResource("BoxShape3D_8j60k")

[node name="Head" type="Node3D" parent="." unique_id=310455427]

[node name="Camera3D" type="Camera3D" parent="Head" unique_id=1606156339]
transform = Transform3D(1, 0, 0, 0, 1, 0, 0, 0, 1, 0, 1.6523324, -0.019332029)
v_offset = 0.085

[node name="Stonehead" parent="Head/Camera3D" unique_id=1469678934 instance=ExtResource("2_mtuoh")]

[node name="ObjectGrabberShapeCast" type="ShapeCast3D" parent="Head/Camera3D" unique_id=1360882520]
transform = Transform3D(1, 0, 0, 0, 1, 0, 0, 0, 1, 0, 0.011269331, 0)
shape = SubResource("SphereShape3D_fo5ed")
target_position = Vector3(0, 0, -2)
collision_mask = 5

[node name="SpringArm3D" type="SpringArm3D" parent="Head/Camera3D" unique_id=79056542]
transform = Transform3D(1, 0, 0, 0, -0.9396926, -0.34202015, 0, 0.34202015, -0.9396926, 0, 0.08156812, 0)
shape = SubResource("SphereShape3D_5ukr8")
spring_length = 0.6

[node name="CSGSphere3D" type="CSGSphere3D" parent="Head/Camera3D/SpringArm3D" unique_id=452235644]
visible = false
radius = 0.05
material = SubResource("StandardMaterial3D_o06y3")

[node name="GrabbedAnchor" type="Marker3D" parent="Head/Camera3D/SpringArm3D" unique_id=1598422682]

[node name="Stoneman" parent="Head" unique_id=316174631 instance=ExtResource("3_htcer")]
transform = Transform3D(-0.091, 0, -7.955473e-09, 0, 0.091, 0, 7.955473e-09, 0, -0.091, 0, 0.042, 0)

[node name="Hand_l" parent="Head/Stoneman/Armature/Skeleton3D" parent_id_path=PackedInt32Array(316174631, 111352344) index="2" unique_id=1665941007]
transform = Transform3D(-0.9904037, -0.10787271, -0.08639611, 0.099505864, -0.99040353, 0.09591352, -0.09591346, 0.08639617, 0.99163306, 3.0185235, -1.5058911, -0.68978417)

[node name="Lower Arm_l" parent="Head/Stoneman/Armature/Skeleton3D" parent_id_path=PackedInt32Array(316174631, 111352344) index="3" unique_id=1161562038]
transform = Transform3D(-0.9904037, -0.10787271, -0.08639611, 0.099505864, -0.99040353, 0.09591352, -0.09591346, 0.08639617, 0.99163306, 3.3350759, 1.4004564, -0.94331443)

[node name="Upper Arm_l" parent="Head/Stoneman/Armature/Skeleton3D" parent_id_path=PackedInt32Array(316174631, 111352344) index="4" unique_id=755652617]
transform = Transform3D(-0.8358923, 0.5440288, -0.072917566, -0.54747236, -0.8358922, 0.039475486, -0.039475426, 0.07291761, 0.99655634, 1.3811173, 4.402683, -1.2052085)

[node name="Hand_r" parent="Head/Stoneman/Armature/Skeleton3D" parent_id_path=PackedInt32Array(316174631, 111352344) index="5" unique_id=238697896]
transform = Transform3D(0.086341925, 0.11349341, 0.98977983, 0.096400015, -0.98977983, 0.10508415, 0.9915905, 0.08634159, -0.09640037, -3.0240045, -1.5117509, -0.6892731)

[node name="Lower Arm_r" parent="Head/Stoneman/Armature/Skeleton3D" parent_id_path=PackedInt32Array(316174631, 111352344) index="6" unique_id=466613719]
transform = Transform3D(0.086341925, 0.11349341, 0.98977983, 0.096400015, -0.98977983, 0.10508415, 0.9915905, 0.08634159, -0.09640037, -3.357051, 1.3927648, -0.94264317)

[node name="Upper Arm_r" parent="Head/Stoneman/Armature/Skeleton3D" parent_id_path=PackedInt32Array(316174631, 111352344) index="7" unique_id=716232589]
transform = Transform3D(0.073104605, -0.540699, 0.8380335, 0.039763674, -0.83803344, -0.5441677, 0.9965311, 0.07310449, -0.03976403, -1.4150515, 4.402683, -1.2052085)

[node name="Foot_l" parent="Head/Stoneman/Armature/Skeleton3D" parent_id_path=PackedInt32Array(316174631, 111352344) index="9" unique_id=457221350]
transform = Transform3D(0.0006442927, 0.0026727282, -0.99999624, -0.5766492, -0.81698865, -0.0025550611, -0.81700915, 0.57665426, 0.0010152496, 1.5049387, -9.656431, -1.9490631)

[node name="Lower Leg_l" parent="Head/Stoneman/Armature/Skeleton3D" parent_id_path=PackedInt32Array(316174631, 111352344) index="10" unique_id=1402989357]
transform = Transform3D(-0.0018427931, 0.03161204, -0.9994986, 0.34902918, -0.93662345, -0.030266874, -0.9371247, -0.34892082, -0.009307439, 1.3440005, -4.888045, -0.17269361)

[node name="Upper Leg_l" parent="Head/Stoneman/Armature/Skeleton3D" parent_id_path=PackedInt32Array(316174631, 111352344) index="11" unique_id=1590819314]
transform = Transform3D(0.01369471, 0.0910251, -0.9957545, -0.14813969, -0.98467374, -0.092049494, -0.98888975, 0.14876868, -4.7683716e-07, 0.93789095, -0.4949112, -0.83642685)

[node name="Foot_r" parent="Head/Stoneman/Armature/Skeleton3D" parent_id_path=PackedInt32Array(316174631, 111352344) index="12" unique_id=1588531440]
transform = Transform3D(-0.0020212065, -0.004791124, -0.99998647, -0.45274928, -0.89162403, 0.0051868986, -0.89165455, 0.45275414, -0.00036771316, -1.5451283, -9.289158, -2.2947438)

[node name="Lower Leg_r" parent="Head/Stoneman/Armature/Skeleton3D" parent_id_path=PackedInt32Array(316174631, 111352344) index="13" unique_id=938822076]
transform = Transform3D(0.0028142557, -0.03394314, -0.99941987, 0.48056382, -0.8764086, 0.03111839, -0.8769668, -0.4803871, 0.013845144, -1.3723226, -4.8273277, 0.15092534)

[node name="Upper Leg_r" parent="Head/Stoneman/Armature/Skeleton3D" parent_id_path=PackedInt32Array(316174631, 111352344) index="14" unique_id=1681100318]
transform = Transform3D(-0.020371087, -0.089767076, -0.9957545, -0.22036877, -0.97106457, 0.09204943, -0.9752223, 0.22130439, -2.3841858e-07, -0.9718256, -0.4949112, -0.83642685)

[node name="Left Leg Target" parent="Head/Stoneman" index="8" unique_id=134990272]
transform = Transform3D(1, 0, 0, 0, 1, 0, 0, 0, 1, 0.82080007, 3.6438785, -0.4632197)

[node name="Right Leg Target" parent="Head/Stoneman" index="9" unique_id=921146363]
transform = Transform3D(1, 0, 0, 0, 1, 0, 0, 0, 1, -0.82080007, 3.8329012, -0.5184684)

[node name="MultiplayerSynchronizer" type="MultiplayerSynchronizer" parent="." unique_id=91604768]
replication_config = SubResource("SceneReplicationConfig_6t5aa")

[connection signal="grabbed" from="." to="Head/Stoneman" method="_on_character_body_3d_grabbed"]

[editable path="Head/Stoneman"]
