[gd_scene format=3 uid="uid://be8qbmt0fe144"]

[ext_resource type="Script" uid="uid://cugl3nsf5vtlu" path="res://Scripts/Player/player.gd" id="1_xpcdj"]
[ext_resource type="PackedScene" uid="uid://d3xlqucrpd30n" path="res://Scenes/Player/stonehead.tscn" id="2_mtuoh"]
[ext_resource type="PackedScene" uid="uid://cmig72j5xmifs" path="res://Scenes/Player/stoneman.tscn" id="3_htcer"]
[ext_resource type="PackedScene" uid="uid://cjhdkv3pjpfvs" path="res://Scenes/Player/player_interaction_scanner.tscn" id="4_mtuoh"]
[ext_resource type="PackedScene" uid="uid://cyqno8xk8nd5s" path="res://Scenes/Player/player_item_manager.tscn" id="5_htcer"]
[ext_resource type="PackedScene" uid="uid://n4qtw8ywlvml" path="res://Scenes/Player/player_animation_handler.tscn" id="6_dd0ac"]

[sub_resource type="BoxShape3D" id="BoxShape3D_8j60k"]
size = Vector3(0.49902344, 0.9880371, 0.8925781)

[sub_resource type="SphereShape3D" id="SphereShape3D_fo5ed"]
radius = 0.1

[sub_resource type="SphereShape3D" id="SphereShape3D_5ukr8"]

[sub_resource type="StandardMaterial3D" id="StandardMaterial3D_o06y3"]
albedo_color = Color(1, 0, 0, 1)

[sub_resource type="SceneReplicationConfig" id="SceneReplicationConfig_6t5aa"]
properties/0/path = NodePath(".:position")
properties/0/spawn = true
properties/0/replication_mode = 1
properties/1/path = NodePath("Head/Camera3D:rotation")
properties/1/spawn = true
properties/1/replication_mode = 1
properties/2/path = NodePath("Head:rotation")
properties/2/spawn = true
properties/2/replication_mode = 1
properties/3/path = NodePath("Head/Stoneman/Left Arm Target:position")
properties/3/spawn = true
properties/3/replication_mode = 1
properties/4/path = NodePath("Head/Stoneman/Right Arm Target:position")
properties/4/spawn = true
properties/4/replication_mode = 1

[node name="Player" type="CharacterBody3D" unique_id=1288706838]
collision_layer = 10
collision_mask = 7
script = ExtResource("1_xpcdj")

[node name="Nametag" type="Label3D" parent="." unique_id=1452559245]
transform = Transform3D(1, 0, 0, 0, 1, 0, 0, 0, 1, 0, 2.1281512, 0)
billboard = 1
shaded = true
text = "
"

[node name="CollisionShape3D" type="CollisionShape3D" parent="." unique_id=1932185389]
transform = Transform3D(0.6625481, 0, 0, 0, 1.7481909, 0, 0, 0, 0.2394429, 0, 0.90595007, -0.017046168)
shape = SubResource("BoxShape3D_8j60k")

[node name="Head" type="Node3D" parent="." unique_id=310455427]

[node name="Camera3D" type="Camera3D" parent="Head" unique_id=1606156339]
transform = Transform3D(1, 0, 0, 0, 1, 0, 0, 0, 1, 0, 1.6523324, -0.019332029)
v_offset = 0.085

[node name="Stonehead" parent="Head/Camera3D" unique_id=1469678934 instance=ExtResource("2_mtuoh")]

[node name="ObjectGrabberShapeCast" type="ShapeCast3D" parent="Head/Camera3D" unique_id=1360882520]
transform = Transform3D(1, 0, 0, 0, 1, 0, 0, 0, 1, 0, 0.011269331, 0)
shape = SubResource("SphereShape3D_fo5ed")
target_position = Vector3(0, 0, -2)
collision_mask = 16

[node name="SpringArm3D" type="SpringArm3D" parent="Head/Camera3D" unique_id=79056542]
transform = Transform3D(1, 0, 0, 0, -0.9396926, -0.34202015, 0, 0.34202015, -0.9396926, 0, 0.08156812, 0)
shape = SubResource("SphereShape3D_5ukr8")

[node name="CSGSphere3D" type="CSGSphere3D" parent="Head/Camera3D/SpringArm3D" unique_id=452235644]
transform = Transform3D(1, 0, 0, 0, 0.9916689, -0.12881291, 0, 0.12881291, 0.9916689, 0, 0, 0)
visible = false
radius = 0.05
material = SubResource("StandardMaterial3D_o06y3")

[node name="GrabbedAnchor" type="Marker3D" parent="Head/Camera3D/SpringArm3D" unique_id=1598422682]

[node name="Stoneman" parent="Head" unique_id=316174631 instance=ExtResource("3_htcer")]
transform = Transform3D(-0.091, 0, -7.955473e-09, 0, 0.091, 0, 7.955473e-09, 0, -0.091, 0, 0.042, 0)

[node name="Hand_l" parent="Head/Stoneman/Armature/Skeleton3D" parent_id_path=PackedInt32Array(316174631, 715983050) index="2" unique_id=1438153977]
transform = Transform3D(-0.9961546, -0.03959064, -0.07815695, 0.03323041, -0.9961545, 0.08106594, -0.08106588, 0.078157015, 0.99363965, 2.9777875, -1.6677747, -0.72892815)

[node name="Lower Arm_l" parent="Head/Stoneman/Armature/Skeleton3D" parent_id_path=PackedInt32Array(316174631, 715983050) index="3" unique_id=151419221]
transform = Transform3D(-0.9961546, -0.03959064, -0.07815695, 0.03323041, -0.9961545, 0.08106594, -0.08106588, 0.078157015, 0.99363965, 3.0939655, 1.255449, -0.95828056)

[node name="Upper Arm_l" parent="Head/Stoneman/Armature/Skeleton3D" parent_id_path=PackedInt32Array(316174631, 715983050) index="4" unique_id=197858438]
transform = Transform3D(-0.87626576, 0.47689793, -0.06875062, -0.48009828, -0.87626576, 0.04079083, -0.04079077, 0.06875067, 0.9967996, 1.3811173, 4.402683, -1.2052085)

[node name="Hand_r" parent="Head/Stoneman/Armature/Skeleton3D" parent_id_path=PackedInt32Array(316174631, 715983050) index="5" unique_id=1436059033]
transform = Transform3D(0.07814166, 0.044394046, 0.9959532, 0.08144031, -0.9959532, 0.03800431, 0.99361014, 0.078141004, -0.081440896, -2.9857368, -1.6735849, -0.7284722)

[node name="Lower Arm_r" parent="Head/Stoneman/Armature/Skeleton3D" parent_id_path=PackedInt32Array(316174631, 715983050) index="6" unique_id=649689457]
transform = Transform3D(0.07814166, 0.044394046, 0.9959532, 0.08144031, -0.9959532, 0.03800431, 0.99361014, 0.078141004, -0.081440896, -3.1160107, 1.2490466, -0.95777756)

[node name="Upper Arm_r" parent="Head/Stoneman/Armature/Skeleton3D" parent_id_path=PackedInt32Array(316174631, 715983050) index="7" unique_id=243567570]
transform = Transform3D(0.06889103, -0.47358757, 0.8780482, 0.04104892, -0.87804806, -0.4768082, 0.9967792, 0.06889072, -0.04104939, -1.4150515, 4.402683, -1.2052085)

[node name="Foot_l" parent="Head/Stoneman/Armature/Skeleton3D" parent_id_path=PackedInt32Array(316174631, 715983050) index="9" unique_id=396274797]
transform = Transform3D(0.0059252568, 0.010297544, -0.9999294, -0.252231, -0.96760184, -0.011458851, -0.96766704, 0.252273, -0.003135059, 1.5259812, -8.475615, -2.5686955)

[node name="Lower Leg_l" parent="Head/Stoneman/Armature/Skeleton3D" parent_id_path=PackedInt32Array(316174631, 715983050) index="10" unique_id=1360580049]
transform = Transform3D(-0.0051571093, 0.040268935, -0.99917567, 0.6564496, -0.7536173, -0.033760168, -0.75435764, -0.6561001, -0.022547685, 1.3209704, -4.6389194, 0.7715353)

[node name="Upper Leg_l" parent="Head/Stoneman/Armature/Skeleton3D" parent_id_path=PackedInt32Array(316174631, 715983050) index="11" unique_id=1922271189]
transform = Transform3D(0.03317618, 0.08586316, -0.9957545, -0.3588837, -0.9288349, -0.09204948, -0.93281174, 0.36040744, -3.5762787e-07, 0.93789095, -0.4949112, -0.83642685)

[node name="Foot_r" parent="Head/Stoneman/Armature/Skeleton3D" parent_id_path=PackedInt32Array(316174631, 715983050) index="12" unique_id=279561999]
transform = Transform3D(0.00014930218, -0.0011550542, -0.99999934, -0.7032508, -0.7109417, 0.0007161703, -0.71095645, 0.70326096, -0.0009187041, -1.5345911, -9.920889, -1.4683261)

[node name="Lower Leg_r" parent="Head/Stoneman/Armature/Skeleton3D" parent_id_path=PackedInt32Array(316174631, 715983050) index="13" unique_id=265641217]
transform = Transform3D(0.0010374524, -0.030101366, -0.9995464, 0.1900342, -0.9813267, 0.029749911, -0.98179394, -0.18998484, 0.0047021187, -1.3813438, -4.9249163, -0.50110596)

[node name="Upper Leg_r" parent="Head/Stoneman/Armature/Skeleton3D" parent_id_path=PackedInt32Array(316174631, 715983050) index="14" unique_id=1692920147]
transform = Transform3D(-0.0069181966, -0.09178909, -0.9957545, -0.074840836, -0.99293804, 0.09204943, -0.99718946, 0.07515857, -2.3841858e-07, -0.9718256, -0.4949112, -0.83642685)

[node name="Left Leg Target" parent="Head/Stoneman" index="8" unique_id=134990272]
transform = Transform3D(1, 0, 0, 0, 1, 0, 0, 0, 1, 0.82080007, 4.1146145, -0.60080916)

[node name="Right Leg Target" parent="Head/Stoneman" index="9" unique_id=921146363]
transform = Transform3D(1, 0, 0, 0, 1, 0, 0, 0, 1, -0.82080007, 3.3621652, -0.38087896)

[node name="PlayerInteractionScanner" parent="." unique_id=519672205 node_paths=PackedStringArray("root_player", "object_shape_cast") instance=ExtResource("4_mtuoh")]
root_player = NodePath("..")
object_shape_cast = NodePath("../Head/Camera3D/ObjectGrabberShapeCast")

[node name="PlayerItemManager" parent="." unique_id=1707946641 node_paths=PackedStringArray("root_player") instance=ExtResource("5_htcer")]
root_player = NodePath("..")

[node name="PlayerAnimationHandler" parent="." unique_id=2014501900 instance=ExtResource("6_dd0ac")]

[node name="MultiplayerSynchronizer" type="MultiplayerSynchronizer" parent="." unique_id=91604768]
replication_config = SubResource("SceneReplicationConfig_6t5aa")

[connection signal="grabbed" from="." to="Head/Stoneman" method="_on_character_body_3d_grabbed"]
[connection signal="drop_item" from="PlayerInteractionScanner" to="PlayerItemManager" method="_on_int_scan_drop_item"]
[connection signal="interacted_external_item" from="PlayerInteractionScanner" to="PlayerItemManager" method="_on_int_scan_interacted_external_item"]
[connection signal="done_interacting" from="PlayerItemManager" to="PlayerInteractionScanner" method="_allow_interaction"]
[connection signal="dropped_item" from="PlayerItemManager" to="PlayerAnimationHandler" method="set_idle_anims"]
[connection signal="grabbed_item" from="PlayerItemManager" to="PlayerAnimationHandler" method="set_grabbed_item_anims"]

[editable path="Head/Stoneman"]
