[gd_scene format=3 uid="uid://be8qbmt0fe144"]

[ext_resource type="Script" uid="uid://cugl3nsf5vtlu" path="res://Scripts/Player/player.gd" id="1_xpcdj"]
[ext_resource type="PackedScene" uid="uid://cmig72j5xmifs" path="res://Scenes/Player/stoneman.tscn" id="3_htcer"]
[ext_resource type="PackedScene" uid="uid://cjhdkv3pjpfvs" path="res://Scenes/Player/player_interaction_scanner.tscn" id="4_mtuoh"]
[ext_resource type="PackedScene" uid="uid://cyqno8xk8nd5s" path="res://Scenes/Player/player_item_manager.tscn" id="5_htcer"]
[ext_resource type="PackedScene" uid="uid://n4qtw8ywlvml" path="res://Scenes/Player/player_animation_handler.tscn" id="6_dd0ac"]
[ext_resource type="PackedScene" uid="uid://dgda32g23vbly" path="res://Scenes/Player/player_body_handler.tscn" id="7_0u5uq"]

[sub_resource type="SceneReplicationConfig" id="SceneReplicationConfig_6t5aa"]
properties/0/path = NodePath(".:position")
properties/0/spawn = true
properties/0/replication_mode = 1
properties/1/path = NodePath("Head/Camera3D:rotation")
properties/1/spawn = true
properties/1/replication_mode = 1
properties/2/path = NodePath("Head:rotation")
properties/2/spawn = true
properties/2/replication_mode = 1
properties/3/path = NodePath("Head/Stoneman/Left Arm Target:position")
properties/3/spawn = true
properties/3/replication_mode = 1
properties/4/path = NodePath("Head/Stoneman/Right Arm Target:position")
properties/4/spawn = true
properties/4/replication_mode = 1

[sub_resource type="BoxShape3D" id="BoxShape3D_8j60k"]
size = Vector3(0.49902344, 0.9880371, 0.8925781)

[node name="Player" type="CharacterBody3D" unique_id=83244711]
collision_layer = 34
collision_mask = 7
script = ExtResource("1_xpcdj")

[node name="MultiplayerSynchronizer" type="MultiplayerSynchronizer" parent="." unique_id=91604768]
replication_config = SubResource("SceneReplicationConfig_6t5aa")

[node name="PlayerInteractionScanner" parent="." unique_id=957716532 node_paths=PackedStringArray("player_ref") instance=ExtResource("4_mtuoh")]
player_ref = NodePath("..")

[node name="PlayerItemManager" parent="." unique_id=506252639 node_paths=PackedStringArray("player_ref") instance=ExtResource("5_htcer")]
player_ref = NodePath("..")

[node name="PlayerAnimationManager" parent="." unique_id=231627570 node_paths=PackedStringArray("player_ref") instance=ExtResource("6_dd0ac")]
player_ref = NodePath("..")

[node name="PlayerBodyHandler" parent="." unique_id=270478860 node_paths=PackedStringArray("player_ref") instance=ExtResource("7_0u5uq")]
player_ref = NodePath("..")

[node name="GPUParticlesCollisionBox3D" type="GPUParticlesCollisionBox3D" parent="." unique_id=2126744791]
transform = Transform3D(1, 0, 0, 0, 1, 0, 0, 0, 1, 0, 0.9, 0)
size = Vector3(0.3, 1.8, 0.3)

[node name="CollisionShape3D" type="CollisionShape3D" parent="." unique_id=1932185389]
transform = Transform3D(0.6625481, 0, 0, 0, 1.7481909, 0, 0, 0, 0.2394429, 0, 0.90595007, -0.017046168)
shape = SubResource("BoxShape3D_8j60k")

[node name="Nametag" type="Label3D" parent="." unique_id=1452559245]
transform = Transform3D(1, 0, 0, 0, 1, 0, 0, 0, 1, 0, 2.1281512, 0)
billboard = 1
shaded = true
text = "
"

[node name="Stoneman" parent="." unique_id=316174631 instance=ExtResource("3_htcer")]
unique_name_in_owner = true
transform = Transform3D(0.09, 0, 0, 0, 0.09, 0, 0, 0, 0.09, 0, 0, 0)

[node name="Hand_r" parent="Stoneman/Armature/Skeleton3D" parent_id_path=PackedInt32Array(316174631, 715983050) index="5" unique_id=1436059033]
transform = Transform3D(0.056323428, -0.032165527, 0.99789417, 0.054452952, -0.997894, -0.03523901, 0.99692625, 0.056323044, -0.05445328, -2.793171, -1.8747058, -0.85090035)

[node name="Lower Arm_r" parent="Stoneman/Armature/Skeleton3D" parent_id_path=PackedInt32Array(316174631, 715983050) index="6" unique_id=649689457]
transform = Transform3D(0.056323428, -0.032165527, 0.99789417, 0.054452952, -0.997894, -0.03523901, 0.99692625, 0.056323044, -0.05445328, -2.69878, 1.053621, -1.0161808)

[node name="Foot_l" parent="Stoneman/Armature/Skeleton3D" parent_id_path=PackedInt32Array(316174631, 715983050) index="9" unique_id=396274797]
transform = Transform3D(0.011394855, 0.017993016, -0.9997732, -0.106366545, -0.9941483, -0.019103289, -0.99427664, 0.10654558, -0.00941333, 1.5412174, -7.61536, -2.430738)

[node name="Lower Leg_l" parent="Stoneman/Armature/Skeleton3D" parent_id_path=PackedInt32Array(316174631, 715983050) index="10" unique_id=1360580049]
transform = Transform3D(-0.008423306, 0.0491187, -0.99875754, 0.76068234, -0.6480016, -0.038283225, -0.6490707, -0.76007634, -0.031904913, 1.2911521, -4.3163586, 1.43884)

[node name="Upper Leg_l" parent="Stoneman/Armature/Skeleton3D" parent_id_path=PackedInt32Array(316174631, 715983050) index="11" unique_id=1922271189]
transform = Transform3D(0.046944145, 0.079179704, -0.9957545, -0.5078205, -0.8565364, -0.092049494, -0.86020374, 0.5099766, -3.5762787e-07, 0.93789095, -0.4949112, -0.83642685)

[node name="Foot_r" parent="Stoneman/Armature/Skeleton3D" parent_id_path=PackedInt32Array(316174631, 715983050) index="12" unique_id=279561999]
transform = Transform3D(-6.0506165e-05, -0.0016518142, -0.99999857, -0.65656954, -0.7542647, 0.001285594, -0.7542813, 0.65657765, -0.0010392973, -1.5358937, -9.838236, -1.6620234)

[node name="Lower Leg_r" parent="Stoneman/Armature/Skeleton3D" parent_id_path=PackedInt32Array(316174631, 715983050) index="13" unique_id=265641217]
transform = Transform3D(0.0013291426, -0.030554693, -0.9995322, 0.25214344, -0.96722794, 0.029902436, -0.9677052, -0.25207314, 0.0064184098, -1.3803385, -4.9140406, -0.37870932)

[node name="Upper Leg_r" parent="Stoneman/Armature/Skeleton3D" parent_id_path=PackedInt32Array(316174631, 715983050) index="14" unique_id=1692920147]
transform = Transform3D(-0.009443571, -0.09156376, -0.9957544, -0.10215875, -0.99050033, 0.092049435, -0.99474126, 0.10259247, -2.3841858e-07, -0.9718256, -0.4949112, -0.83642685)

[node name="Physical Bone Lower Chest" parent="Stoneman/Armature/Skeleton3D/PhysicalBoneSimulator3D" parent_id_path=PackedInt32Array(316174631, 1072758212) index="0" unique_id=541152247]
transform = Transform3D(11.111111, -6.953875e-06, 0, 0, 0, -11.111111, 6.953875e-06, 11.111111, 0, 3.2336102e-06, 0.6890793, -1.0260487)
joint_offset = Transform3D(1, 0, 0, 0, 1, 0, 0, 0, 1, -2.91024e-07, 1.4671687e-06, 0.06201714)
body_offset = Transform3D(11.111111, -6.953875e-06, 0, 0, 0, -11.111111, 6.953875e-06, 11.111111, 0, 3.2336102e-06, 0.6890793, -1.630187e-05)

[node name="Physical Bone Upper Chest" parent="Stoneman/Armature/Skeleton3D/PhysicalBoneSimulator3D" parent_id_path=PackedInt32Array(316174631, 1072758212) index="1" unique_id=389848489]
transform = Transform3D(11.111111, -1.5064579e-05, -3.9451647e-06, -3.2372832e-06, 0.5189335, -11.098986, 1.5232396e-05, 11.098986, 0.51893353, 1.7717539e-05, 3.5541582, -1.1278183)
joint_offset = Transform3D(1, 0, 0, 0, 1, 0, 0, 0, 1, -1.5249598e-06, 4.2311267e-06, 0.19605409)
body_offset = Transform3D(11.111111, -1.7713674e-05, -3.9451725e-06, -3.945121e-06, 3.2246113e-05, -11.111113, 1.7713686e-05, 11.111111, 3.2305717e-05, 1.7717539e-05, 2.178379, -5.3346157e-05)

[node name="Physical Bone Neck" parent="Stoneman/Armature/Skeleton3D/PhysicalBoneSimulator3D" parent_id_path=PackedInt32Array(316174631, 1072758212) index="2" unique_id=1561817379]
transform = Transform3D(11.111111, 5.2981904e-06, 8.1986345e-10, 8.198241e-10, 8.243928e-08, -11.111111, -5.2981904e-06, 11.111111, 8.243928e-08, -3.2776734e-07, 5.965536, -1.2295766)
joint_offset = Transform3D(1, 0, 0, 0, 1, 0, 0, 0, 1, 2.9496833e-08, 2.8107208e-06, 0.021092204)
body_offset = Transform3D(11.111111, 2.6490952e-06, 8.198537e-10, 8.1988016e-10, -3.4492587e-10, -11.111112, -2.6490945e-06, 11.111108, 1.2383136e-07, -3.2776734e-07, 0.23435783, -3.1232834e-05)

[node name="Head" parent="Stoneman/Armature/Skeleton3D/PhysicalBoneSimulator3D/Physical Bone Neck" index="1" unique_id=1574753834]
transform = Transform3D(-0.09, -1.3589623e-08, 0, 0, -3.934012e-09, -0.09, 1.3589623e-08, -0.09, 3.9340122e-09, 2.3028406e-08, 0.012766179, -0.075972795)

[node name="Physical Bone Upper Arm_l" parent="Stoneman/Armature/Skeleton3D/PhysicalBoneSimulator3D" parent_id_path=PackedInt32Array(316174631, 1072758212) index="3" unique_id=1992439994]
transform = Transform3D(-10.335261, -0.64370996, -4.028001, -4.055369, 0.43940824, 10.335265, -0.4394678, 11.083743, -0.64366925, 2.0103054, 2.729783, -1.0932937)
joint_offset = Transform3D(1, 0, 0, 0, 1, 0, 0, 0, 1, -0.0018810049, -0.00081271434, 0.16115974)
body_offset = Transform3D(11.111113, 4.273653e-05, -0.00019921921, -0.00019889139, -1.013279e-05, -11.111113, -4.2706728e-05, 11.111113, -1.013279e-05, 0.020932198, 1.7906637, 0.009031713)

[node name="Physical Bone Lower Arm_l" parent="Stoneman/Armature/Skeleton3D/PhysicalBoneSimulator3D" parent_id_path=PackedInt32Array(316174631, 1072758212) index="4" unique_id=692847862]
transform = Transform3D(-11.082015, -0.6886848, -0.41406226, -0.45534715, 0.66442055, 11.081877, -0.66211283, 11.069826, -0.69090384, 2.729697, -0.40381336, -0.90030265)
joint_offset = Transform3D(1, 0, 0, 0, 1, 0, 0, 0, 1, -0.000714618, -0.00053617696, 0.1322609)
body_offset = Transform3D(11.111111, -0.0015185475, 3.9599836e-06, 4.23193e-06, -0.0007330775, -11.111112, 0.0015187263, 11.111111, -0.0007330775, 0.007938862, 1.4695654, 0.0060555637)

[node name="Physical Bone Upper Arm_r" parent="Stoneman/Armature/Skeleton3D/PhysicalBoneSimulator3D" parent_id_path=PackedInt32Array(316174631, 1072758212) index="5" unique_id=1855419348]
transform = Transform3D(0.5863222, 10.360463, 3.9716272, 0.40217134, -3.994399, 10.360494, 11.08834, -0.40295812, -0.58578175, -2.0660732, 2.7236748, -1.106812)
joint_offset = Transform3D(1, 0, 0, 0, 1, 0, 0, 0, 1, -0.0002761779, 0.00063107413, 0.1623127)
body_offset = Transform3D(11.111114, -0.0012734532, -0.0009941459, -0.0009937286, 0.0003649313, -11.111114, 0.0012731254, 11.111113, 0.0003632307, 0.0032308102, 1.8034744, -0.0070705414)

[node name="Physical Bone Lower Arm_r" parent="Stoneman/Armature/Skeleton3D/PhysicalBoneSimulator3D" parent_id_path=PackedInt32Array(316174631, 1072758212) index="6" unique_id=1774602281]
transform = Transform3D(0.6286307, 11.087563, 0.35716832, 0.6051334, -0.3914823, 11.087711, 11.076797, -0.60785466, -0.6259997, -2.7379446, -0.4101696, -0.9301811)
joint_offset = Transform3D(1, 0, 0, 0, 1, 0, 0, 0, 1, -0.0003417591, -0.00070090423, 0.13201302)
body_offset = Transform3D(11.1111145, -0.0028146505, -0.0002002716, -0.00020003319, -0.00021605566, -11.111117, 0.002814114, 11.111114, -0.00021573156, 0.0038217902, 1.4668121, 0.007817268)

[node name="Physical Bone Upper Leg_l" parent="Stoneman/Armature/Skeleton3D/PhysicalBoneSimulator3D" parent_id_path=PackedInt32Array(316174631, 1072758212) index="7" unique_id=1983502860]
transform = Transform3D(0.5208656, -11.0639715, -0.8797855, -5.634721, -1.0224106, 9.521627, -9.562186, -0.00019283843, -5.6587434, 1.1163274, -2.35433, 0.286614)
joint_offset = Transform3D(1, 0, 0, 0, 1, 0, 0, 0, 1, 0.001364699, 0.0005940758, 0.19615513)
body_offset = Transform3D(11.110907, -2.2677952e-05, -0.008907318, -0.008905411, -0.0004086909, -11.111105, 2.1473523e-05, 11.111111, -0.00040847235, -0.013415813, 2.1795125, -0.006520748)

[node name="Physical Bone Lower Leg_l" parent="Stoneman/Armature/Skeleton3D/PhysicalBoneSimulator3D" parent_id_path=PackedInt32Array(316174631, 1072758212) index="8" unique_id=1423719608]
transform = Transform3D(-0.09359522, -11.097305, -0.545756, 8.4516115, -0.425392, 7.2004237, -7.212372, -0.3544733, 8.444693, 1.3992352, -5.9196477, -0.4740563)
joint_offset = Transform3D(1, 0, 0, 0, 1, 0, 0, 0, 1, -0.0019117952, -0.0013013895, 0.22483309)
body_offset = Transform3D(11.111103, -3.4093857e-05, 0.00069761276, 0.0006299019, -4.7683716e-06, -11.110917, 3.3974648e-05, 11.111109, -3.8146973e-06, 0.021085262, 2.498103, 0.014460802)

[node name="Physical Bone Upper Leg_r" parent="Stoneman/Armature/Skeleton3D/PhysicalBoneSimulator3D" parent_id_path=PackedInt32Array(316174631, 1072758212) index="9" unique_id=492667798]
transform = Transform3D(-0.105727986, -11.063919, 1.0174993, -1.146722, 1.0229777, 11.004333, -11.051273, -0.00029906465, -1.1515856, -1.1876775, -2.6528597, -0.59608704)
joint_offset = Transform3D(1, 0, 0, 0, 1, 0, 0, 0, 1, 0.0012852321, -0.0014625612, 0.19636984)
body_offset = Transform3D(11.110906, 0.00027360916, 0.011731982, 0.011731982, -0.00023631545, -11.111104, -0.00027402636, 11.111111, -0.00023642562, -0.016583502, 2.1818705, 0.01629746)

[node name="Physical Bone Lower Leg_r" parent="Stoneman/Armature/Skeleton3D/PhysicalBoneSimulator3D" parent_id_path=PackedInt32Array(316174631, 1072758212) index="10" unique_id=1824740642]
transform = Transform3D(0.014695192, -11.105899, 0.33994263, 2.798663, 0.3326823, 10.7477255, -10.752863, 0.07141004, 2.7977903, -1.4607087, -7.101658, -0.95417)
joint_offset = Transform3D(1, 0, 0, 0, 1, 0, 0, 0, 1, -0.00052054063, -0.001002034, 0.20370899)
body_offset = Transform3D(11.110935, 1.7873943e-05, 0.003113985, 0.0029842854, -0.0004430879, -11.111085, -1.8365681e-05, 11.111109, -0.0004428476, 0.0051493645, 2.263429, 0.011223912)

[node name="Left Leg Target" parent="Stoneman" index="8" unique_id=134990272]
transform = Transform3D(1, 0, 0, 0, 1, 0, 0, 0, 1, 0.90288013, 4.3983903, -0.68705046)

[node name="Right Leg Target" parent="Stoneman" index="9" unique_id=921146363]
transform = Transform3D(1, 0, 0, 0, 1, 0, 0, 0, 1, -0.90288013, 3.4804347, -0.4187451)

[connection signal="interacted_external_item" from="PlayerInteractionScanner" to="PlayerItemManager" method="_on_int_scan_interacted_external_item"]
[connection signal="allow_interaction" from="PlayerItemManager" to="PlayerInteractionScanner" method="_allow_interaction"]
[connection signal="dropped_item" from="PlayerItemManager" to="PlayerBodyHandler" method="right_hand_idle"]
[connection signal="grabbed_item" from="PlayerItemManager" to="PlayerBodyHandler" method="right_hand_holding"]

[editable path="Stoneman"]
