[gd_scene format=3 uid="uid://be8qbmt0fe144"]

[ext_resource type="Script" uid="uid://cugl3nsf5vtlu" path="res://Scripts/Player/player.gd" id="1_xpcdj"]
[ext_resource type="PackedScene" uid="uid://d3xlqucrpd30n" path="res://Scenes/Player/stonehead.tscn" id="2_mtuoh"]
[ext_resource type="PackedScene" uid="uid://cmig72j5xmifs" path="res://Scenes/Player/stoneman.tscn" id="3_htcer"]
[ext_resource type="PackedScene" uid="uid://cjhdkv3pjpfvs" path="res://Scenes/Player/player_interaction_scanner.tscn" id="4_mtuoh"]
[ext_resource type="PackedScene" uid="uid://cyqno8xk8nd5s" path="res://Scenes/Player/player_item_manager.tscn" id="5_htcer"]
[ext_resource type="PackedScene" uid="uid://n4qtw8ywlvml" path="res://Scenes/Player/player_animation_handler.tscn" id="6_dd0ac"]

[sub_resource type="BoxShape3D" id="BoxShape3D_8j60k"]
size = Vector3(0.49902344, 0.9880371, 0.8925781)

[sub_resource type="SphereShape3D" id="SphereShape3D_fo5ed"]
radius = 0.1

[sub_resource type="SphereShape3D" id="SphereShape3D_5ukr8"]

[sub_resource type="StandardMaterial3D" id="StandardMaterial3D_o06y3"]
albedo_color = Color(1, 0, 0, 1)

[sub_resource type="SceneReplicationConfig" id="SceneReplicationConfig_6t5aa"]
properties/0/path = NodePath(".:position")
properties/0/spawn = true
properties/0/replication_mode = 1
properties/1/path = NodePath("Head/Camera3D:rotation")
properties/1/spawn = true
properties/1/replication_mode = 1
properties/2/path = NodePath("Head:rotation")
properties/2/spawn = true
properties/2/replication_mode = 1
properties/3/path = NodePath("Head/Stoneman/Left Arm Target:position")
properties/3/spawn = true
properties/3/replication_mode = 1
properties/4/path = NodePath("Head/Stoneman/Right Arm Target:position")
properties/4/spawn = true
properties/4/replication_mode = 1

[node name="Player" type="CharacterBody3D" unique_id=1288706838]
collision_layer = 10
collision_mask = 7
script = ExtResource("1_xpcdj")

[node name="Nametag" type="Label3D" parent="." unique_id=1452559245]
transform = Transform3D(1, 0, 0, 0, 1, 0, 0, 0, 1, 0, 2.1281512, 0)
billboard = 1
shaded = true
text = "
"

[node name="CollisionShape3D" type="CollisionShape3D" parent="." unique_id=1932185389]
transform = Transform3D(0.6625481, 0, 0, 0, 1.7481909, 0, 0, 0, 0.2394429, 0, 0.90595007, -0.017046168)
shape = SubResource("BoxShape3D_8j60k")

[node name="Head" type="Node3D" parent="." unique_id=310455427]

[node name="Camera3D" type="Camera3D" parent="Head" unique_id=1606156339]
transform = Transform3D(1, 0, 0, 0, 1, 0, 0, 0, 1, 0, 1.6523324, -0.019332029)
v_offset = 0.085

[node name="Stonehead" parent="Head/Camera3D" unique_id=1469678934 instance=ExtResource("2_mtuoh")]

[node name="ObjectGrabberShapeCast" type="ShapeCast3D" parent="Head/Camera3D" unique_id=1360882520]
transform = Transform3D(1, 0, 0, 0, 1, 0, 0, 0, 1, 0, 0.011269331, 0)
shape = SubResource("SphereShape3D_fo5ed")
target_position = Vector3(0, 0, -2)
collision_mask = 16
collide_with_areas = true
collide_with_bodies = false

[node name="SpringArm3D" type="SpringArm3D" parent="Head/Camera3D" unique_id=79056542]
transform = Transform3D(1, 0, 0, 0, -0.9396926, -0.34202015, 0, 0.34202015, -0.9396926, 0, 0.08156812, 0)
shape = SubResource("SphereShape3D_5ukr8")

[node name="CSGSphere3D" type="CSGSphere3D" parent="Head/Camera3D/SpringArm3D" unique_id=452235644]
transform = Transform3D(1, 0, 0, 0, 0.9916689, -0.12881291, 0, 0.12881291, 0.9916689, 0, 0, 0)
visible = false
radius = 0.05
material = SubResource("StandardMaterial3D_o06y3")

[node name="GrabbedAnchor" type="Marker3D" parent="Head/Camera3D/SpringArm3D" unique_id=1598422682]

[node name="Stoneman" parent="Head" unique_id=316174631 instance=ExtResource("3_htcer")]
transform = Transform3D(-0.091, 0, -7.955473e-09, 0, 0.091, 0, 7.955473e-09, 0, -0.091, 0, 0.042, 0)

[node name="Hand_l" parent="Head/Stoneman/Armature/Skeleton3D" parent_id_path=PackedInt32Array(316174631, 206227268) index="2" unique_id=565729863]
transform = Transform3D(-0.9975473, 0.014197051, -0.068539776, -0.018828986, -0.9975472, 0.06741465, -0.0674146, 0.068539836, 0.99536806, 2.8812058, -1.7991166, -0.779093)

[node name="Lower Arm_l" parent="Head/Stoneman/Armature/Skeleton3D" parent_id_path=PackedInt32Array(316174631, 206227268) index="3" unique_id=1510481874]
transform = Transform3D(-0.9975473, 0.014197051, -0.068539776, -0.018828986, -0.9975472, 0.06741465, -0.0674146, 0.068539836, 0.99536806, 2.8395433, 1.1281941, -0.9802237)

[node name="Upper Arm_l" parent="Head/Stoneman/Armature/Skeleton3D" parent_id_path=PackedInt32Array(316174631, 206227268) index="4" unique_id=1584593274]
transform = Transform3D(-0.9116967, 0.4060606, -0.062641114, -0.40885127, -0.9116966, 0.040616866, -0.0406168, 0.06264117, 0.99720925, 1.3811173, 4.402683, -1.2052085)

[node name="Hand_r" parent="Head/Stoneman/Armature/Skeleton3D" parent_id_path=PackedInt32Array(316174631, 206227268) index="5" unique_id=249814285]
transform = Transform3D(0.068543404, -0.010190994, 0.99759597, 0.067688584, -0.9975959, -0.014841735, 0.99534917, 0.06854314, -0.06768896, -2.892027, -1.8042705, -0.77873886)

[node name="Lower Arm_r" parent="Head/Stoneman/Armature/Skeleton3D" parent_id_path=PackedInt32Array(316174631, 206227268) index="6" unique_id=1465979569]
transform = Transform3D(0.068543404, -0.010190994, 0.99759597, 0.067688584, -0.9975959, -0.014841735, 0.99534917, 0.06854314, -0.06768896, -2.8621204, 1.1231816, -0.97987926)

[node name="Upper Arm_r" parent="Head/Stoneman/Armature/Skeleton3D" parent_id_path=PackedInt32Array(316174631, 206227268) index="7" unique_id=1522980184]
transform = Transform3D(0.06273727, -0.40289843, 0.9130918, 0.040833004, -0.91309184, -0.405704, 0.9971943, 0.06273708, -0.040833473, -1.4150515, 4.402683, -1.2052085)

[node name="Foot_l" parent="Head/Stoneman/Armature/Skeleton3D" parent_id_path=PackedInt32Array(316174631, 206227268) index="9" unique_id=916043490]
transform = Transform3D(0.0056482274, 0.009916335, -0.9999349, -0.2625692, -0.9648522, -0.011051185, -0.964915, 0.2626068, -0.0028450917, 1.5250486, -8.525545, -2.5652695)

[node name="Lower Leg_l" parent="Head/Stoneman/Armature/Skeleton3D" parent_id_path=PackedInt32Array(316174631, 206227268) index="10" unique_id=824475882]
transform = Transform3D(-0.0049987473, 0.039825458, -0.99919426, 0.6483454, -0.76060915, -0.033559185, -0.7613355, -0.64800847, -0.022018196, 1.3222955, -4.653254, 0.7337669)

[node name="Upper Leg_l" parent="Head/Stoneman/Armature/Skeleton3D" parent_id_path=PackedInt32Array(316174631, 206227268) index="11" unique_id=271076885]
transform = Transform3D(0.032397076, 0.08616017, -0.9957545, -0.3504541, -0.93204784, -0.092049494, -0.93603855, 0.35194206, -4.7683716e-07, 0.93789095, -0.4949112, -0.83642685)

[node name="Foot_r" parent="Head/Stoneman/Armature/Skeleton3D" parent_id_path=PackedInt32Array(316174631, 206227268) index="12" unique_id=100116857]
transform = Transform3D(0.000129316, -0.0012075659, -0.9999993, -0.6978948, -0.7162002, 0.0007745959, -0.716215, 0.69790465, -0.0009356318, -1.5347242, -9.912383, -1.491479)

[node name="Lower Leg_r" parent="Head/Stoneman/Armature/Skeleton3D" parent_id_path=PackedInt32Array(316174631, 206227268) index="13" unique_id=802783861]
transform = Transform3D(0.0010695234, -0.030147478, -0.999545, 0.19739799, -0.97987163, 0.029765308, -0.98033977, -0.19734618, 0.0049029756, -1.3812423, -4.9238186, -0.48678195)

[node name="Upper Leg_r" parent="Head/Stoneman/Armature/Skeleton3D" parent_id_path=PackedInt32Array(316174631, 206227268) index="14" unique_id=1849380792]
transform = Transform3D(-0.0072137215, -0.091766335, -0.9957545, -0.07803784, -0.992692, 0.09204943, -0.9969422, 0.07836915, -2.3841858e-07, -0.9718256, -0.4949112, -0.83642685)

[node name="Left Leg Target" parent="Head/Stoneman" index="8" unique_id=134990272]
transform = Transform3D(1, 0, 0, 0, 1, 0, 0, 0, 1, 0.82080007, 4.098868, -0.59620667)

[node name="Right Leg Target" parent="Head/Stoneman" index="9" unique_id=921146363]
transform = Transform3D(1, 0, 0, 0, 1, 0, 0, 0, 1, -0.82080007, 3.3779118, -0.38548145)

[node name="PlayerInteractionScanner" parent="." unique_id=519672205 node_paths=PackedStringArray("root_player", "object_shape_cast") instance=ExtResource("4_mtuoh")]
root_player = NodePath("..")
object_shape_cast = NodePath("../Head/Camera3D/ObjectGrabberShapeCast")

[node name="PlayerItemManager" parent="." unique_id=1707946641 instance=ExtResource("5_htcer")]

[node name="PlayerAnimationHandler" parent="." unique_id=2014501900 instance=ExtResource("6_dd0ac")]

[node name="MultiplayerSynchronizer" type="MultiplayerSynchronizer" parent="." unique_id=91604768]
replication_config = SubResource("SceneReplicationConfig_6t5aa")

[connection signal="grabbed" from="." to="Head/Stoneman" method="_on_character_body_3d_grabbed"]
[connection signal="dropped_item" from="PlayerItemManager" to="PlayerAnimationHandler" method="set_idle_anims"]
[connection signal="grabbed_item" from="PlayerItemManager" to="PlayerAnimationHandler" method="set_grabbed_item_anims"]

[editable path="Head/Stoneman"]
