[gd_scene format=3 uid="uid://be8qbmt0fe144"]

[ext_resource type="Script" uid="uid://cugl3nsf5vtlu" path="res://Scripts/Player/player.gd" id="1_xpcdj"]
[ext_resource type="PackedScene" uid="uid://d3xlqucrpd30n" path="res://Scenes/Player/stonehead.tscn" id="2_mtuoh"]
[ext_resource type="PackedScene" uid="uid://cmig72j5xmifs" path="res://Scenes/Player/stoneman.tscn" id="3_htcer"]

[sub_resource type="CapsuleMesh" id="CapsuleMesh_fo5ed"]

[sub_resource type="BoxShape3D" id="BoxShape3D_8j60k"]
size = Vector3(0.49902344, 0.9880371, 0.8925781)

[sub_resource type="SphereShape3D" id="SphereShape3D_fo5ed"]
radius = 0.1

[sub_resource type="SphereShape3D" id="SphereShape3D_5ukr8"]

[sub_resource type="StandardMaterial3D" id="StandardMaterial3D_o06y3"]
albedo_color = Color(1, 0, 0, 1)

[sub_resource type="SceneReplicationConfig" id="SceneReplicationConfig_6t5aa"]
properties/0/path = NodePath(".:position")
properties/0/spawn = true
properties/0/replication_mode = 1
properties/1/path = NodePath("Head/Camera3D:rotation")
properties/1/spawn = true
properties/1/replication_mode = 1
properties/2/path = NodePath("Head:rotation")
properties/2/spawn = true
properties/2/replication_mode = 1
properties/3/path = NodePath("Head/Stoneman/Left Arm Target:position")
properties/3/spawn = true
properties/3/replication_mode = 1
properties/4/path = NodePath("Head/Stoneman/Right Arm Target:position")
properties/4/spawn = true
properties/4/replication_mode = 1

[node name="Player" type="CharacterBody3D" unique_id=1288706838]
collision_layer = 2
collision_mask = 7
script = ExtResource("1_xpcdj")

[node name="Nametag" type="Label3D" parent="." unique_id=1452559245]
transform = Transform3D(1, 0, 0, 0, 1, 0, 0, 0, 1, 0, 2.1281512, 0)
billboard = 1
shaded = true
text = "
"

[node name="MeshInstance3D" type="MeshInstance3D" parent="." unique_id=112410639]
transform = Transform3D(1, 0, 0, 0, 1, 0, 0, 0, 1, 0, 1.0193906, 0)
visible = false
mesh = SubResource("CapsuleMesh_fo5ed")

[node name="CollisionShape3D" type="CollisionShape3D" parent="." unique_id=1932185389]
transform = Transform3D(0.6625481, 0, 0, 0, 1.7481909, 0, 0, 0, 0.2394429, 0, 0.90595007, -0.017046168)
shape = SubResource("BoxShape3D_8j60k")

[node name="Head" type="Node3D" parent="." unique_id=310455427]

[node name="Camera3D" type="Camera3D" parent="Head" unique_id=1606156339]
transform = Transform3D(1, 0, 0, 0, 1, 0, 0, 0, 1, 0, 1.6523324, -0.019332029)
v_offset = 0.085

[node name="Stonehead" parent="Head/Camera3D" unique_id=1469678934 instance=ExtResource("2_mtuoh")]

[node name="ObjectGrabberShapeCast" type="ShapeCast3D" parent="Head/Camera3D" unique_id=1360882520]
transform = Transform3D(1, 0, 0, 0, 1, 0, 0, 0, 1, 0, 0.011269331, 0)
shape = SubResource("SphereShape3D_fo5ed")
target_position = Vector3(0, 0, -2)
collision_mask = 5

[node name="SpringArm3D" type="SpringArm3D" parent="Head/Camera3D" unique_id=79056542]
transform = Transform3D(1, 0, 0, 0, -0.9396926, -0.34202015, 0, 0.34202015, -0.9396926, 0, 0.08156812, 0)
shape = SubResource("SphereShape3D_5ukr8")
spring_length = 0.6

[node name="CSGSphere3D" type="CSGSphere3D" parent="Head/Camera3D/SpringArm3D" unique_id=452235644]
visible = false
radius = 0.05
material = SubResource("StandardMaterial3D_o06y3")

[node name="GrabbedAnchor" type="Marker3D" parent="Head/Camera3D/SpringArm3D" unique_id=1598422682]

[node name="Stoneman" parent="Head" unique_id=316174631 instance=ExtResource("3_htcer")]
transform = Transform3D(-0.091, 0, -7.955473e-09, 0, 0.091, 0, 7.955473e-09, 0, -0.091, 0, 0.042, 0)

[node name="Hand_l" parent="Head/Stoneman/Armature/Skeleton3D" parent_id_path=PackedInt32Array(316174631, 111352344) index="2" unique_id=1665941007]
transform = Transform3D(-0.99748003, 0.029168673, -0.06467737, -0.03323326, -0.99747986, 0.06268595, -0.062685914, 0.06467742, 0.9959354, 2.829913, -1.8403566, -0.8004046)

[node name="Lower Arm_l" parent="Head/Stoneman/Armature/Skeleton3D" parent_id_path=PackedInt32Array(316174631, 111352344) index="3" unique_id=1161562038]
transform = Transform3D(-0.99748003, 0.029168673, -0.06467737, -0.03323326, -0.99747986, 0.06268595, -0.062685914, 0.06467742, 0.9959354, 2.744316, 1.0867565, -0.990201)

[node name="Upper Arm_l" parent="Head/Stoneman/Armature/Skeleton3D" parent_id_path=PackedInt32Array(316174631, 111352344) index="4" unique_id=755652617]
transform = Transform3D(-0.92323387, 0.37954703, -0.0598632, -0.3821447, -0.9232338, 0.040062275, -0.040062208, 0.059863254, 0.9974023, 1.3811173, 4.402683, -1.2052085)

[node name="Hand_r" parent="Head/Stoneman/Armature/Skeleton3D" parent_id_path=PackedInt32Array(316174631, 111352344) index="5" unique_id=238697896]
transform = Transform3D(0.064684294, -0.02544266, 0.99758124, 0.06292647, -0.997581, -0.029522896, 0.9959196, 0.06468395, -0.062926725, -2.841891, -1.8451421, -0.80009425)

[node name="Lower Arm_r" parent="Head/Stoneman/Armature/Skeleton3D" parent_id_path=PackedInt32Array(316174631, 111352344) index="6" unique_id=466613719]
transform = Transform3D(0.064684294, -0.02544266, 0.99758124, 0.06292647, -0.997581, -0.029522896, 0.9959196, 0.06468395, -0.062926725, -2.7672286, 1.0822661, -0.98990977)

[node name="Upper Arm_r" parent="Head/Stoneman/Armature/Skeleton3D" parent_id_path=PackedInt32Array(316174631, 111352344) index="7" unique_id=716232589]
transform = Transform3D(0.05994462, -0.37647834, 0.92448384, 0.040260326, -0.92448366, -0.37908885, 0.99738926, 0.05994434, -0.040260606, -1.4150515, 4.402683, -1.2052085)

[node name="Foot_l" parent="Head/Stoneman/Armature/Skeleton3D" parent_id_path=PackedInt32Array(316174631, 111352344) index="9" unique_id=457221350]
transform = Transform3D(0.00032011047, 0.002119314, -0.9999977, -0.6173962, -0.78665054, -0.0018647462, -0.78666896, 0.6174027, 0.0010571694, 1.5033165, -9.754961, -1.8088878)

[node name="Lower Leg_l" parent="Head/Stoneman/Armature/Skeleton3D" parent_id_path=PackedInt32Array(316174631, 111352344) index="10" unique_id=1402989357]
transform = Transform3D(-0.0015688762, 0.03103239, -0.99951714, 0.3009886, -0.95315385, -0.030065324, -0.95364195, -0.30089995, -0.007844768, 1.3453293, -4.9024177, -0.2769946)

[node name="Upper Leg_l" parent="Head/Stoneman/Armature/Skeleton3D" parent_id_path=PackedInt32Array(316174631, 111352344) index="11" unique_id=1590819314]
transform = Transform3D(0.011542825, 0.09132293, -0.99575436, -0.124860585, -0.98789525, -0.09204949, -0.99212515, 0.12539074, -3.5762787e-07, 0.93789095, -0.4949112, -0.83642685)

[node name="Foot_r" parent="Head/Stoneman/Armature/Skeleton3D" parent_id_path=PackedInt32Array(316174631, 111352344) index="12" unique_id=1588531440]
transform = Transform3D(-0.0028388686, -0.005979685, -0.9999781, -0.39802605, -0.9173518, 0.0066153686, -0.9173888, 0.39803424, 0.00022345036, -1.5485396, -9.095766, -2.4078403)

[node name="Lower Leg_r" parent="Head/Stoneman/Armature/Skeleton3D" parent_id_path=PackedInt32Array(316174631, 111352344) index="13" unique_id=938822076]
transform = Transform3D(0.0033340156, -0.035288073, -0.9993717, 0.5326858, -0.8457229, 0.031639602, -0.8463164, -0.5324723, 0.015977547, -1.3688867, -4.7901583, 0.302997)

[node name="Upper Leg_r" parent="Head/Stoneman/Armature/Skeleton3D" parent_id_path=PackedInt32Array(316174631, 111352344) index="14" unique_id=1681100318]
transform = Transform3D(-0.023508612, -0.08899695, -0.9957545, -0.2543099, -0.9627335, 0.09204942, -0.9668555, 0.2553896, -2.3841858e-07, -0.9718256, -0.4949112, -0.83642685)

[node name="Left Leg Target" parent="Head/Stoneman" index="8" unique_id=134990272]
transform = Transform3D(1, 0, 0, 0, 1, 0, 0, 0, 1, 0.82080007, 3.5686412, -0.44122893)

[node name="Right Leg Target" parent="Head/Stoneman" index="9" unique_id=921146363]
transform = Transform3D(1, 0, 0, 0, 1, 0, 0, 0, 1, -0.82080007, 3.9081385, -0.5404592)

[node name="MultiplayerSynchronizer" type="MultiplayerSynchronizer" parent="." unique_id=91604768]
replication_config = SubResource("SceneReplicationConfig_6t5aa")

[connection signal="grabbed" from="." to="Head/Stoneman" method="_on_character_body_3d_grabbed"]

[editable path="Head/Stoneman"]
