[gd_scene format=3 uid="uid://be8qbmt0fe144"]

[ext_resource type="Script" uid="uid://cugl3nsf5vtlu" path="res://Scripts/Player/player.gd" id="1_xpcdj"]
[ext_resource type="PackedScene" uid="uid://d3xlqucrpd30n" path="res://Scenes/Player/stonehead.tscn" id="2_mtuoh"]
[ext_resource type="PackedScene" uid="uid://cmig72j5xmifs" path="res://Scenes/Player/stoneman.tscn" id="3_htcer"]
[ext_resource type="PackedScene" uid="uid://cjhdkv3pjpfvs" path="res://Scenes/Player/player_interaction_scanner.tscn" id="4_mtuoh"]
[ext_resource type="PackedScene" uid="uid://cyqno8xk8nd5s" path="res://Scenes/Player/player_item_manager.tscn" id="5_htcer"]
[ext_resource type="PackedScene" uid="uid://n4qtw8ywlvml" path="res://Scenes/Player/player_animation_handler.tscn" id="6_dd0ac"]
[ext_resource type="PackedScene" uid="uid://dgda32g23vbly" path="res://Scenes/Player/player_body_handler.tscn" id="7_0u5uq"]

[sub_resource type="BoxShape3D" id="BoxShape3D_8j60k"]
size = Vector3(0.49902344, 0.9880371, 0.8925781)

[sub_resource type="SphereShape3D" id="SphereShape3D_fo5ed"]
radius = 0.1

[sub_resource type="SphereShape3D" id="SphereShape3D_5ukr8"]

[sub_resource type="StandardMaterial3D" id="StandardMaterial3D_o06y3"]
albedo_color = Color(1, 0, 0, 1)

[sub_resource type="SceneReplicationConfig" id="SceneReplicationConfig_6t5aa"]
properties/0/path = NodePath(".:position")
properties/0/spawn = true
properties/0/replication_mode = 1
properties/1/path = NodePath("Head/Camera3D:rotation")
properties/1/spawn = true
properties/1/replication_mode = 1
properties/2/path = NodePath("Head:rotation")
properties/2/spawn = true
properties/2/replication_mode = 1
properties/3/path = NodePath("Head/Stoneman/Left Arm Target:position")
properties/3/spawn = true
properties/3/replication_mode = 1
properties/4/path = NodePath("Head/Stoneman/Right Arm Target:position")
properties/4/spawn = true
properties/4/replication_mode = 1

[node name="Player" type="CharacterBody3D" unique_id=83244711]
collision_layer = 34
collision_mask = 7
script = ExtResource("1_xpcdj")

[node name="Nametag" type="Label3D" parent="." unique_id=1452559245]
transform = Transform3D(1, 0, 0, 0, 1, 0, 0, 0, 1, 0, 2.1281512, 0)
billboard = 1
shaded = true
text = "
"

[node name="CollisionShape3D" type="CollisionShape3D" parent="." unique_id=1932185389]
transform = Transform3D(0.6625481, 0, 0, 0, 1.7481909, 0, 0, 0, 0.2394429, 0, 0.90595007, -0.017046168)
shape = SubResource("BoxShape3D_8j60k")

[node name="Head" type="Node3D" parent="." unique_id=310455427]

[node name="Camera3D" type="Camera3D" parent="Head" unique_id=1606156339]
transform = Transform3D(1, 0, 0, 0, 1, 0, 0, 0, 1, 0, 1.6523324, -0.019332029)
v_offset = 0.085
current = true

[node name="Stonehead" parent="Head/Camera3D" unique_id=1469678934 instance=ExtResource("2_mtuoh")]

[node name="ObjectGrabberShapeCast" type="ShapeCast3D" parent="Head/Camera3D" unique_id=1360882520]
transform = Transform3D(1, 0, 0, 0, 1, 0, 0, 0, 1, 0, 0.011269331, 0)
shape = SubResource("SphereShape3D_fo5ed")
target_position = Vector3(0, 0, -2)
collision_mask = 16

[node name="SpringArm3D" type="SpringArm3D" parent="Head/Camera3D" unique_id=79056542]
transform = Transform3D(1, 0, 0, 0, -0.9396926, -0.34202015, 0, 0.34202015, -0.9396926, 0, 0.08156812, 0)
shape = SubResource("SphereShape3D_5ukr8")

[node name="CSGSphere3D" type="CSGSphere3D" parent="Head/Camera3D/SpringArm3D" unique_id=452235644]
transform = Transform3D(1, 0, 0, 0, 0.9916689, -0.12881291, 0, 0.12881291, 0.9916689, 0, 0, 0)
visible = false
radius = 0.05
material = SubResource("StandardMaterial3D_o06y3")

[node name="GrabbedAnchor" type="Marker3D" parent="Head/Camera3D/SpringArm3D" unique_id=1598422682]

[node name="Stoneman" parent="Head" unique_id=316174631 instance=ExtResource("3_htcer")]
transform = Transform3D(-0.091, 0, -7.955473e-09, 0, 0.091, 0, 7.955473e-09, 0, -0.091, 0, 0.042, 0)

[node name="Hand_l" parent="Head/Stoneman/Armature/Skeleton3D" parent_id_path=PackedInt32Array(316174631, 206227268) index="2" unique_id=565729863]
transform = Transform3D(-0.9973729, 0.037269346, -0.06211549, -0.040989026, -0.9973727, 0.05972644, -0.059726354, 0.062115584, 0.99628025, 2.7925897, -1.8649442, -0.81486577)

[node name="Lower Arm_l" parent="Head/Stoneman/Armature/Skeleton3D" parent_id_path=PackedInt32Array(316174631, 206227268) index="3" unique_id=1510481874]
transform = Transform3D(-0.9973729, 0.037269346, -0.06211549, -0.040989026, -0.9973727, 0.05972644, -0.059726354, 0.062115584, 0.99628025, 2.6832213, 1.0618541, -0.99714446)

[node name="Upper Arm_l" parent="Head/Stoneman/Armature/Skeleton3D" parent_id_path=PackedInt32Array(316174631, 206227268) index="4" unique_id=1584593274]
transform = Transform3D(-0.9301673, 0.3625368, -0.057929978, -0.3649997, -0.9301672, 0.03954729, -0.03954723, 0.057930026, 0.99753696, 1.3811173, 4.402683, -1.2052085)

[node name="Hand_r" parent="Head/Stoneman/Armature/Skeleton3D" parent_id_path=PackedInt32Array(316174631, 206227268) index="5" unique_id=249814285]
transform = Transform3D(0.062123735, -0.03371945, 0.9974986, 0.05994659, -0.9974984, -0.037452906, 0.9962664, 0.062123347, -0.05994702, -2.805344, -1.8694708, -0.81458366)

[node name="Lower Arm_r" parent="Head/Stoneman/Armature/Skeleton3D" parent_id_path=PackedInt32Array(316174631, 206227268) index="6" unique_id=1465979569]
transform = Transform3D(0.062123735, -0.03371945, 0.9974986, 0.05994659, -0.9974984, -0.037452906, 0.9962664, 0.062123347, -0.05994702, -2.7063932, 1.0576952, -0.99688506)

[node name="Upper Arm_r" parent="Head/Stoneman/Armature/Skeleton3D" parent_id_path=PackedInt32Array(316174631, 206227268) index="7" unique_id=1522980184]
transform = Transform3D(0.05800252, -0.35954028, 0.931325, 0.039733134, -0.93132484, -0.3620148, 0.9975253, 0.05800224, -0.03973359, -1.4150515, 4.402683, -1.2052085)

[node name="Foot_l" parent="Head/Stoneman/Armature/Skeleton3D" parent_id_path=PackedInt32Array(316174631, 206227268) index="9" unique_id=916043490]
transform = Transform3D(0.007227337, 0.012085706, -0.9999008, -0.20864803, -0.9779029, -0.013327405, -0.9779816, 0.20871353, -0.0045449696, 1.5301505, -8.252246, -2.566606)

[node name="Lower Leg_l" parent="Head/Stoneman/Armature/Skeleton3D" parent_id_path=PackedInt32Array(316174631, 206227268) index="10" unique_id=824475882]
transform = Transform3D(-0.0058984905, 0.04235123, -0.99908537, 0.6895493, -0.72340906, -0.034735806, -0.7242185, -0.6891415, -0.024935767, 1.3145387, -4.569342, 0.94184005)

[node name="Upper Leg_l" parent="Head/Stoneman/Armature/Skeleton3D" parent_id_path=PackedInt32Array(316174631, 206227268) index="11" unique_id=271076885]
transform = Transform3D(0.036690056, 0.08442156, -0.99575436, -0.39689428, -0.91323996, -0.092049494, -0.9171502, 0.39857942, -3.5762787e-07, 0.93789095, -0.4949112, -0.83642685)

[node name="Foot_r" parent="Head/Stoneman/Armature/Skeleton3D" parent_id_path=PackedInt32Array(316174631, 206227268) index="12" unique_id=100116857]
transform = Transform3D(0.0002153758, -0.0009500552, -0.9999995, -0.7251086, -0.68863463, 0.0004980583, -0.68864846, 0.72511953, -0.00083743664, -1.5340983, -9.952724, -1.3708856)

[node name="Lower Leg_r" parent="Head/Stoneman/Armature/Skeleton3D" parent_id_path=PackedInt32Array(316174631, 206227268) index="13" unique_id=802783861]
transform = Transform3D(0.00090550724, -0.02993121, -0.99955165, 0.1592836, -0.98678637, 0.029693242, -0.9872497, -0.15924405, 0.0038739278, -1.3817173, -4.928957, -0.560168)

[node name="Upper Leg_r" parent="Head/Stoneman/Armature/Skeleton3D" parent_id_path=PackedInt32Array(316174631, 206227268) index="14" unique_id=1849380792]
transform = Transform3D(-0.0056996173, -0.091872804, -0.9957545, -0.061658673, -0.9938437, 0.09204943, -0.9980989, 0.06192044, -2.3841858e-07, -0.9718256, -0.4949112, -0.83642685)

[node name="Right Arm Target" parent="Head/Stoneman" index="7" unique_id=617302750]
transform = Transform3D(0.9999999, 0, -1.4921397e-13, 0, 0.9999999, 0, 1.4921397e-13, 0, 0.9999999, 0, 0, 0)

[node name="Left Leg Target" parent="Head/Stoneman" index="8" unique_id=134990272]
transform = Transform3D(1, 0, 0, 0, 1, 0, 0, 0, 1, 0.82080007, 4.1850758, -0.62140405)

[node name="Right Leg Target" parent="Head/Stoneman" index="9" unique_id=921146363]
transform = Transform3D(1, 0, 0, 0, 1, 0, 0, 0, 1, -0.82080007, 3.2917037, -0.36028406)

[node name="HoldingMarker" type="Marker3D" parent="Head" unique_id=28940039]
unique_name_in_owner = true
transform = Transform3D(-0.09099999, 0, -7.955463e-09, 0, 0.09099999, 0, 7.955463e-09, 0, -0.09099999, 0.21090518, 1.4256802, -0.61321956)

[node name="PlayerInteractionScanner" parent="." unique_id=519672205 node_paths=PackedStringArray("player_ref", "object_shape_cast") instance=ExtResource("4_mtuoh")]
player_ref = NodePath("..")
object_shape_cast = NodePath("../Head/Camera3D/ObjectGrabberShapeCast")

[node name="PlayerItemManager" parent="." unique_id=1707946641 node_paths=PackedStringArray("player_ref") instance=ExtResource("5_htcer")]
player_ref = NodePath("..")

[node name="PlayerAnimationHandler" parent="." unique_id=2014501900 node_paths=PackedStringArray("player_ref") instance=ExtResource("6_dd0ac")]
player_ref = NodePath("..")

[node name="PlayerBodyHandler" parent="." unique_id=1888441975 node_paths=PackedStringArray("player_ref") instance=ExtResource("7_0u5uq")]
player_ref = NodePath("..")

[node name="MultiplayerSynchronizer" type="MultiplayerSynchronizer" parent="." unique_id=91604768]
replication_config = SubResource("SceneReplicationConfig_6t5aa")

[connection signal="grabbed" from="." to="Head/Stoneman" method="_on_character_body_3d_grabbed"]
[connection signal="drop_item" from="PlayerInteractionScanner" to="PlayerItemManager" method="_on_int_scan_drop_item"]
[connection signal="interacted_external_item" from="PlayerInteractionScanner" to="PlayerItemManager" method="_on_int_scan_interacted_external_item"]
[connection signal="done_interacting" from="PlayerItemManager" to="PlayerInteractionScanner" method="_allow_interaction"]
[connection signal="dropped_item" from="PlayerItemManager" to="PlayerAnimationHandler" method="set_idle_anims"]
[connection signal="grabbed_item" from="PlayerItemManager" to="PlayerAnimationHandler" method="set_grabbed_item_anims"]

[editable path="Head/Stoneman"]
