[gd_scene format=3 uid="uid://be8qbmt0fe144"]

[ext_resource type="Script" uid="uid://cugl3nsf5vtlu" path="res://Scripts/Player/player.gd" id="1_xpcdj"]
[ext_resource type="PackedScene" uid="uid://d3xlqucrpd30n" path="res://Scenes/Player/stonehead.tscn" id="2_mtuoh"]
[ext_resource type="PackedScene" uid="uid://cmig72j5xmifs" path="res://Scenes/Player/stoneman.tscn" id="3_htcer"]
[ext_resource type="PackedScene" uid="uid://cjhdkv3pjpfvs" path="res://Scenes/Player/player_interaction_scanner.tscn" id="4_mtuoh"]
[ext_resource type="PackedScene" uid="uid://cyqno8xk8nd5s" path="res://Scenes/Player/player_item_manager.tscn" id="5_htcer"]
[ext_resource type="PackedScene" uid="uid://n4qtw8ywlvml" path="res://Scenes/Player/player_animation_handler.tscn" id="6_dd0ac"]
[ext_resource type="PackedScene" uid="uid://dgda32g23vbly" path="res://Scenes/Player/player_body_handler.tscn" id="7_0u5uq"]

[sub_resource type="BoxShape3D" id="BoxShape3D_8j60k"]
size = Vector3(0.49902344, 0.9880371, 0.8925781)

[sub_resource type="SphereShape3D" id="SphereShape3D_fo5ed"]
radius = 0.1

[sub_resource type="SphereShape3D" id="SphereShape3D_5ukr8"]

[sub_resource type="StandardMaterial3D" id="StandardMaterial3D_o06y3"]
albedo_color = Color(1, 0, 0, 1)

[sub_resource type="SceneReplicationConfig" id="SceneReplicationConfig_6t5aa"]
properties/0/path = NodePath(".:position")
properties/0/spawn = true
properties/0/replication_mode = 1
properties/1/path = NodePath("Head/Camera3D:rotation")
properties/1/spawn = true
properties/1/replication_mode = 1
properties/2/path = NodePath("Head:rotation")
properties/2/spawn = true
properties/2/replication_mode = 1
properties/3/path = NodePath("Head/Stoneman/Left Arm Target:position")
properties/3/spawn = true
properties/3/replication_mode = 1
properties/4/path = NodePath("Head/Stoneman/Right Arm Target:position")
properties/4/spawn = true
properties/4/replication_mode = 1

[node name="Player" type="CharacterBody3D" unique_id=83244711]
collision_layer = 34
collision_mask = 7
script = ExtResource("1_xpcdj")

[node name="Nametag" type="Label3D" parent="." unique_id=1452559245]
transform = Transform3D(1, 0, 0, 0, 1, 0, 0, 0, 1, 0, 2.1281512, 0)
billboard = 1
shaded = true
text = "
"

[node name="CollisionShape3D" type="CollisionShape3D" parent="." unique_id=1932185389]
transform = Transform3D(0.6625481, 0, 0, 0, 1.7481909, 0, 0, 0, 0.2394429, 0, 0.90595007, -0.017046168)
shape = SubResource("BoxShape3D_8j60k")

[node name="Head" type="Node3D" parent="." unique_id=310455427]

[node name="Camera3D" type="Camera3D" parent="Head" unique_id=1606156339]
transform = Transform3D(1, 0, 0, 0, 1, 0, 0, 0, 1, 0, 1.6523324, -0.019332029)
v_offset = 0.085
current = true

[node name="Stonehead" parent="Head/Camera3D" unique_id=1469678934 instance=ExtResource("2_mtuoh")]

[node name="ObjectGrabberShapeCast" type="ShapeCast3D" parent="Head/Camera3D" unique_id=1360882520]
transform = Transform3D(1, 0, 0, 0, 1, 0, 0, 0, 1, 0, 0.011269331, 0)
shape = SubResource("SphereShape3D_fo5ed")
target_position = Vector3(0, 0, -2)
collision_mask = 16

[node name="SpringArm3D" type="SpringArm3D" parent="Head/Camera3D" unique_id=79056542]
transform = Transform3D(1, 0, 0, 0, -0.9396926, -0.34202015, 0, 0.34202015, -0.9396926, 0, 0.08156812, 0)
shape = SubResource("SphereShape3D_5ukr8")

[node name="CSGSphere3D" type="CSGSphere3D" parent="Head/Camera3D/SpringArm3D" unique_id=452235644]
transform = Transform3D(1, 0, 0, 0, 0.9916689, -0.12881291, 0, 0.12881291, 0.9916689, 0, 0, 0)
visible = false
radius = 0.05
material = SubResource("StandardMaterial3D_o06y3")

[node name="GrabbedAnchor" type="Marker3D" parent="Head/Camera3D/SpringArm3D" unique_id=1598422682]

[node name="HoldingMarker" type="Marker3D" parent="Head/Camera3D" unique_id=28940039]
unique_name_in_owner = true
transform = Transform3D(-0.09099999, 0, -7.955463e-09, 0, 0.09099999, 0, 7.955463e-09, 0, -0.09099999, 0, -0.053981304, -0.7)
gizmo_extents = 1.48

[node name="Stoneman" parent="Head" unique_id=316174631 instance=ExtResource("3_htcer")]
transform = Transform3D(-0.091, 0, -7.955473e-09, 0, 0.091, 0, 7.955473e-09, 0, -0.091, 0, 0.042, 0)

[node name="Hand_r" parent="Head/Stoneman/Armature/Skeleton3D" parent_id_path=PackedInt32Array(316174631, 206227268) index="5" unique_id=249814285]
transform = Transform3D(0.062123735, -0.03371945, 0.9974986, 0.05994659, -0.9974984, -0.037452906, 0.9962664, 0.062123347, -0.05994702, -2.805344, -1.8694708, -0.81458366)

[node name="Lower Arm_r" parent="Head/Stoneman/Armature/Skeleton3D" parent_id_path=PackedInt32Array(316174631, 206227268) index="6" unique_id=1465979569]
transform = Transform3D(0.062123735, -0.03371945, 0.9974986, 0.05994659, -0.9974984, -0.037452906, 0.9962664, 0.062123347, -0.05994702, -2.7063932, 1.0576952, -0.99688506)

[node name="Foot_l" parent="Head/Stoneman/Armature/Skeleton3D" parent_id_path=PackedInt32Array(316174631, 206227268) index="9" unique_id=916043490]
transform = Transform3D(0.009113476, 0.014694272, -0.9998505, -0.1570123, -0.98747176, -0.01594284, -0.98757094, 0.15712173, -0.0066911317, 1.5355809, -7.954482, -2.5236468)

[node name="Lower Leg_l" parent="Head/Stoneman/Armature/Skeleton3D" parent_id_path=PackedInt32Array(316174631, 206227268) index="10" unique_id=824475882]
transform = Transform3D(-0.006987538, 0.045377627, -0.99894553, 0.726589, -0.6861207, -0.03624918, -0.687039, -0.72609365, -0.028176123, 1.3045615, -4.4614153, 1.1729239)

[node name="Upper Leg_l" parent="Head/Stoneman/Armature/Skeleton3D" parent_id_path=PackedInt32Array(316174631, 206227268) index="11" unique_id=271076885]
transform = Transform3D(0.04145774, 0.08218527, -0.9957544, -0.44847026, -0.8890493, -0.09204948, -0.8928558, 0.45037436, -3.5762787e-07, 0.93789095, -0.4949112, -0.83642685)

[node name="Foot_r" parent="Head/Stoneman/Armature/Skeleton3D" parent_id_path=PackedInt32Array(316174631, 206227268) index="12" unique_id=100116857]
transform = Transform3D(0.00025606342, -0.0007319432, -0.9999997, -0.7500187, -0.6614167, 0.00029205903, -0.6614297, 0.75003076, -0.0007185014, -1.5336438, -9.982946, -1.2535404)

[node name="Lower Leg_r" parent="Head/Stoneman/Armature/Skeleton3D" parent_id_path=PackedInt32Array(316174631, 206227268) index="13" unique_id=802783861]
transform = Transform3D(0.00074840896, -0.029774603, -0.9995564, 0.12275628, -0.9919942, 0.029641245, -0.99245405, -0.122727826, 0.0029125498, -1.3820602, -4.9326653, -0.6287283)

[node name="Upper Leg_r" parent="Head/Stoneman/Armature/Skeleton3D" parent_id_path=PackedInt32Array(316174631, 206227268) index="14" unique_id=1849380792]
transform = Transform3D(-0.0042850547, -0.09194964, -0.9957545, -0.04635661, -0.9946749, 0.092049435, -0.9989337, 0.046553403, -2.3841858e-07, -0.9718256, -0.4949112, -0.83642685)

[node name="Right Arm Target" parent="Head/Stoneman" index="7" unique_id=617302750]
transform = Transform3D(0.9999999, 0, -1.4921397e-13, 0, 0.9999999, 0, 1.4921397e-13, 0, 0.9999999, 0, 0, 0)

[node name="Left Leg Target" parent="Head/Stoneman" index="8" unique_id=134990272]
transform = Transform3D(1, 0, 0, 0, 1, 0, 0, 0, 1, 0.82080007, 4.281277, -0.6495222)

[node name="Right Leg Target" parent="Head/Stoneman" index="9" unique_id=921146363]
transform = Transform3D(1, 0, 0, 0, 1, 0, 0, 0, 1, -0.82080007, 3.1955025, -0.33216587)

[node name="PlayerInteractionScanner" parent="." unique_id=519672205 node_paths=PackedStringArray("player_ref", "object_shape_cast") instance=ExtResource("4_mtuoh")]
player_ref = NodePath("..")
object_shape_cast = NodePath("../Head/Camera3D/ObjectGrabberShapeCast")

[node name="PlayerItemManager" parent="." unique_id=1707946641 node_paths=PackedStringArray("player_ref") instance=ExtResource("5_htcer")]
player_ref = NodePath("..")

[node name="PlayerAnimationHandler" parent="." unique_id=2014501900 node_paths=PackedStringArray("player_ref") instance=ExtResource("6_dd0ac")]
player_ref = NodePath("..")

[node name="PlayerBodyHandler" parent="." unique_id=1888441975 node_paths=PackedStringArray("player_ref") instance=ExtResource("7_0u5uq")]
player_ref = NodePath("..")

[node name="MultiplayerSynchronizer" type="MultiplayerSynchronizer" parent="." unique_id=91604768]
replication_config = SubResource("SceneReplicationConfig_6t5aa")

[connection signal="grabbed" from="." to="Head/Stoneman" method="_on_character_body_3d_grabbed"]
[connection signal="drop_item" from="PlayerInteractionScanner" to="PlayerItemManager" method="_on_int_scan_drop_item"]
[connection signal="interacted_external_item" from="PlayerInteractionScanner" to="PlayerItemManager" method="_on_int_scan_interacted_external_item"]
[connection signal="done_interacting" from="PlayerItemManager" to="PlayerInteractionScanner" method="_allow_interaction"]
[connection signal="dropped_item" from="PlayerItemManager" to="PlayerAnimationHandler" method="set_idle_anims"]
[connection signal="grabbed_item" from="PlayerItemManager" to="PlayerAnimationHandler" method="set_grabbed_item_anims"]

[editable path="Head/Stoneman"]
