[gd_scene format=3 uid="uid://be8qbmt0fe144"]

[ext_resource type="Script" uid="uid://cugl3nsf5vtlu" path="res://Scripts/Player/player.gd" id="1_xpcdj"]
[ext_resource type="PackedScene" uid="uid://d3xlqucrpd30n" path="res://Scenes/Player/stonehead.tscn" id="2_mtuoh"]
[ext_resource type="PackedScene" uid="uid://cmig72j5xmifs" path="res://Scenes/Player/stoneman.tscn" id="3_htcer"]
[ext_resource type="PackedScene" uid="uid://cjhdkv3pjpfvs" path="res://Scenes/Player/player_interaction_scanner.tscn" id="4_mtuoh"]
[ext_resource type="PackedScene" uid="uid://cyqno8xk8nd5s" path="res://Scenes/Player/player_item_manager.tscn" id="5_htcer"]
[ext_resource type="PackedScene" uid="uid://n4qtw8ywlvml" path="res://Scenes/Player/player_animation_handler.tscn" id="6_dd0ac"]

[sub_resource type="BoxShape3D" id="BoxShape3D_8j60k"]
size = Vector3(0.49902344, 0.9880371, 0.8925781)

[sub_resource type="SphereShape3D" id="SphereShape3D_fo5ed"]
radius = 0.1

[sub_resource type="SphereShape3D" id="SphereShape3D_5ukr8"]

[sub_resource type="StandardMaterial3D" id="StandardMaterial3D_o06y3"]
albedo_color = Color(1, 0, 0, 1)

[sub_resource type="SceneReplicationConfig" id="SceneReplicationConfig_6t5aa"]
properties/0/path = NodePath(".:position")
properties/0/spawn = true
properties/0/replication_mode = 1
properties/1/path = NodePath("Head/Camera3D:rotation")
properties/1/spawn = true
properties/1/replication_mode = 1
properties/2/path = NodePath("Head:rotation")
properties/2/spawn = true
properties/2/replication_mode = 1
properties/3/path = NodePath("Head/Stoneman/Left Arm Target:position")
properties/3/spawn = true
properties/3/replication_mode = 1
properties/4/path = NodePath("Head/Stoneman/Right Arm Target:position")
properties/4/spawn = true
properties/4/replication_mode = 1

[node name="Player" type="CharacterBody3D" unique_id=1288706838]
collision_layer = 10
collision_mask = 7
script = ExtResource("1_xpcdj")

[node name="Nametag" type="Label3D" parent="." unique_id=1452559245]
transform = Transform3D(1, 0, 0, 0, 1, 0, 0, 0, 1, 0, 2.1281512, 0)
billboard = 1
shaded = true
text = "
"

[node name="CollisionShape3D" type="CollisionShape3D" parent="." unique_id=1932185389]
transform = Transform3D(0.6625481, 0, 0, 0, 1.7481909, 0, 0, 0, 0.2394429, 0, 0.90595007, -0.017046168)
shape = SubResource("BoxShape3D_8j60k")

[node name="Head" type="Node3D" parent="." unique_id=310455427]

[node name="Camera3D" type="Camera3D" parent="Head" unique_id=1606156339]
transform = Transform3D(1, 0, 0, 0, 1, 0, 0, 0, 1, 0, 1.6523324, -0.019332029)
v_offset = 0.085

[node name="Stonehead" parent="Head/Camera3D" unique_id=1469678934 instance=ExtResource("2_mtuoh")]

[node name="ObjectGrabberShapeCast" type="ShapeCast3D" parent="Head/Camera3D" unique_id=1360882520]
transform = Transform3D(1, 0, 0, 0, 1, 0, 0, 0, 1, 0, 0.011269331, 0)
shape = SubResource("SphereShape3D_fo5ed")
target_position = Vector3(0, 0, -2)
collision_mask = 16
collide_with_areas = true
collide_with_bodies = false

[node name="SpringArm3D" type="SpringArm3D" parent="Head/Camera3D" unique_id=79056542]
transform = Transform3D(1, 0, 0, 0, -0.9396926, -0.34202015, 0, 0.34202015, -0.9396926, 0, 0.08156812, 0)
shape = SubResource("SphereShape3D_5ukr8")

[node name="CSGSphere3D" type="CSGSphere3D" parent="Head/Camera3D/SpringArm3D" unique_id=452235644]
transform = Transform3D(1, 0, 0, 0, 0.9916689, -0.12881291, 0, 0.12881291, 0.9916689, 0, 0, 0)
visible = false
radius = 0.05
material = SubResource("StandardMaterial3D_o06y3")

[node name="GrabbedAnchor" type="Marker3D" parent="Head/Camera3D/SpringArm3D" unique_id=1598422682]

[node name="Stoneman" parent="Head" unique_id=316174631 instance=ExtResource("3_htcer")]
transform = Transform3D(-0.091, 0, -7.955473e-09, 0, 0.091, 0, 7.955473e-09, 0, -0.091, 0, 0.042, 0)

[node name="Hand_l" parent="Head/Stoneman/Armature/Skeleton3D" parent_id_path=PackedInt32Array(316174631, 715983050) index="2" unique_id=1438153977]
transform = Transform3D(-0.9975006, 0.005500723, -0.070444725, -0.01043599, -0.9975005, 0.069884256, -0.06988425, 0.07044474, 0.9950647, 2.9040675, -1.7766724, -0.76881444)

[node name="Lower Arm_l" parent="Head/Stoneman/Armature/Skeleton3D" parent_id_path=PackedInt32Array(316174631, 715983050) index="3" unique_id=151419221]
transform = Transform3D(-0.9975006, 0.005500723, -0.070444725, -0.01043599, -0.9975005, 0.069884256, -0.06988425, 0.07044474, 0.9950647, 2.8879247, 1.150501, -0.97553515)

[node name="Upper Arm_l" parent="Head/Stoneman/Armature/Skeleton3D" parent_id_path=PackedInt32Array(316174631, 715983050) index="4" unique_id=197858438]
transform = Transform3D(-0.90548587, 0.41953114, -0.06394654, -0.42241174, -0.9054858, 0.04079005, -0.04078999, 0.06394659, 0.9971193, 1.3811173, 4.402683, -1.2052085)

[node name="Hand_r" parent="Head/Stoneman/Armature/Skeleton3D" parent_id_path=PackedInt32Array(316174631, 715983050) index="5" unique_id=1436059033]
transform = Transform3D(0.07044613, -0.0013486743, 0.9975146, 0.07017598, -0.99751455, -0.006304592, 0.99504405, 0.0704457, -0.07017645, -2.9143178, -1.7819898, -0.7684386)

[node name="Lower Arm_r" parent="Head/Stoneman/Armature/Skeleton3D" parent_id_path=PackedInt32Array(316174631, 715983050) index="6" unique_id=649689457]
transform = Transform3D(0.07044613, -0.0013486743, 0.9975146, 0.07017598, -0.99751455, -0.006304592, 0.99504405, 0.0704457, -0.07017645, -2.9103594, 1.1452234, -0.975162)

[node name="Upper Arm_r" parent="Head/Stoneman/Armature/Skeleton3D" parent_id_path=PackedInt32Array(316174631, 715983050) index="7" unique_id=243567570]
transform = Transform3D(0.06405072, -0.41632932, 0.90695494, 0.041014984, -0.9069549, -0.4192258, 0.9971034, 0.06405047, -0.041015428, -1.4150515, 4.402683, -1.2052085)

[node name="Foot_l" parent="Head/Stoneman/Armature/Skeleton3D" parent_id_path=PackedInt32Array(316174631, 715983050) index="9" unique_id=396274797]
transform = Transform3D(-0.00014854223, 0.0011623912, -0.99999934, -0.70263606, -0.71154916, -0.00072271563, -0.711564, 0.70264614, 0.00092265196, 1.5006692, -9.919936, -1.4711719)

[node name="Lower Leg_l" parent="Head/Stoneman/Armature/Skeleton3D" parent_id_path=PackedInt32Array(316174631, 715983050) index="10" unique_id=1360580049]
transform = Transform3D(-0.0010433793, 0.030105922, -0.9995463, 0.19088493, -0.98116153, -0.029751427, -0.98162884, -0.19083537, -0.004723002, 1.3473988, -4.9248047, -0.49962154)

[node name="Upper Leg_l" parent="Head/Stoneman/Armature/Skeleton3D" parent_id_path=PackedInt32Array(316174631, 715983050) index="11" unique_id=1922271189]
transform = Transform3D(0.0069493703, 0.091786794, -0.9957545, -0.075172104, -0.992913, -0.092049494, -0.9971643, 0.075491294, -3.5762787e-07, 0.93789095, -0.4949112, -0.83642685)

[node name="Foot_r" parent="Head/Stoneman/Armature/Skeleton3D" parent_id_path=PackedInt32Array(316174631, 715983050) index="12" unique_id=279561999]
transform = Transform3D(-0.0059067793, -0.010259949, -0.99992996, -0.25327116, -0.96733046, 0.011421129, -0.9673956, 0.25331277, 0.0031142477, -1.5598446, -8.4804325, -2.5677261)

[node name="Lower Leg_r" parent="Head/Stoneman/Armature/Skeleton3D" parent_id_path=PackedInt32Array(316174631, 715983050) index="13" unique_id=265641217]
transform = Transform3D(0.0051361807, -0.04023271, -0.9991772, 0.6556369, -0.75432515, 0.033743333, -0.75506425, -0.65528846, 0.022503212, -1.3550184, -4.6401343, 0.76837265)

[node name="Upper Leg_r" parent="Head/Stoneman/Armature/Skeleton3D" parent_id_path=PackedInt32Array(316174631, 715983050) index="14" unique_id=1692920147]
transform = Transform3D(-0.033110496, -0.085888505, -0.9957545, -0.35817787, -0.9291072, 0.09204942, -0.9330853, 0.35969856, -2.3841858e-07, -0.9718256, -0.4949112, -0.83642685)

[node name="Left Leg Target" parent="Head/Stoneman" index="8" unique_id=134990272]
transform = Transform3D(1, 0, 0, 0, 1, 0, 0, 0, 1, 0.82080007, 3.3645327, -0.3815709)

[node name="Right Leg Target" parent="Head/Stoneman" index="9" unique_id=921146363]
transform = Transform3D(1, 0, 0, 0, 1, 0, 0, 0, 1, -0.82080007, 4.112247, -0.6001172)

[node name="PlayerInteractionScanner" parent="." unique_id=519672205 node_paths=PackedStringArray("root_player", "object_shape_cast") instance=ExtResource("4_mtuoh")]
root_player = NodePath("..")
object_shape_cast = NodePath("../Head/Camera3D/ObjectGrabberShapeCast")

[node name="PlayerItemManager" parent="." unique_id=1707946641 node_paths=PackedStringArray("root_player") instance=ExtResource("5_htcer")]
root_player = NodePath("..")

[node name="PlayerAnimationHandler" parent="." unique_id=2014501900 instance=ExtResource("6_dd0ac")]

[node name="MultiplayerSynchronizer" type="MultiplayerSynchronizer" parent="." unique_id=91604768]
replication_config = SubResource("SceneReplicationConfig_6t5aa")

[connection signal="grabbed" from="." to="Head/Stoneman" method="_on_character_body_3d_grabbed"]
[connection signal="drop_item" from="PlayerInteractionScanner" to="PlayerItemManager" method="_on_int_scan_drop_item"]
[connection signal="interacted_external_item" from="PlayerInteractionScanner" to="PlayerItemManager" method="_on_int_scan_interacted_external_item"]
[connection signal="dropped_item" from="PlayerItemManager" to="PlayerAnimationHandler" method="set_idle_anims"]
[connection signal="grabbed_item" from="PlayerItemManager" to="PlayerAnimationHandler" method="set_grabbed_item_anims"]

[editable path="Head/Stoneman"]
