[gd_scene format=3 uid="uid://cmig72j5xmifs"]

[ext_resource type="PackedScene" uid="uid://blf4kexxwin27" path="res://Blender/Stoneman.blend" id="1_3tbdo"]
[ext_resource type="Script" uid="uid://d32gdxlmmha8o" path="res://Scripts/Player/stoneman.gd" id="2_t3qha"]
[ext_resource type="PackedScene" uid="uid://s6eqk7stde21" path="res://Scenes/Player/stoneheads.tscn" id="3_t3qha"]

[sub_resource type="JointLimitationCone3D" id="JointLimitationCone3D_cd8uv"]
angle = 3.1415927

[sub_resource type="JointLimitationCone3D" id="JointLimitationCone3D_e2y4b"]
angle = 3.1415927

[sub_resource type="JointLimitationCone3D" id="JointLimitationCone3D_5lhmr"]
angle = 3.1415927

[sub_resource type="JointLimitationCone3D" id="JointLimitationCone3D_3eua4"]
angle = 3.1415927

[sub_resource type="JointLimitationCone3D" id="JointLimitationCone3D_7xxjt"]
angle = 3.1415927

[sub_resource type="JointLimitationCone3D" id="JointLimitationCone3D_yxj3v"]
angle = 3.1415927

[sub_resource type="BoxShape3D" id="BoxShape3D_ryliy"]
size = Vector3(0.23657227, 0.107177734, 0.13531494)

[sub_resource type="BoxShape3D" id="BoxShape3D_q4fo0"]
size = Vector3(0.27319336, 0.43933105, 0.13171387)

[sub_resource type="BoxShape3D" id="BoxShape3D_0bbyl"]
size = Vector3(0.10449219, 0.056152344, 0.08886719)

[sub_resource type="SphereShape3D" id="SphereShape3D_ryliy"]
radius = 0.1

[sub_resource type="SphereShape3D" id="SphereShape3D_q4fo0"]

[sub_resource type="StandardMaterial3D" id="StandardMaterial3D_0bbyl"]
albedo_color = Color(1, 0, 0, 1)

[sub_resource type="BoxShape3D" id="BoxShape3D_26cqc"]
size = Vector3(0.086, 0.284, 0.086)

[sub_resource type="BoxShape3D" id="BoxShape3D_b6f4k"]
size = Vector3(0.086, 0.393, 0.086)

[sub_resource type="BoxShape3D" id="BoxShape3D_byufd"]
size = Vector3(0.08569336, 0.28359985, 0.08496094)

[sub_resource type="BoxShape3D" id="BoxShape3D_18ud8"]
size = Vector3(0.08569336, 0.3930664, 0.08618164)

[sub_resource type="BoxShape3D" id="BoxShape3D_7g05a"]
size = Vector3(0.12792969, 0.28735352, 0.10784912)

[sub_resource type="BoxShape3D" id="BoxShape3D_2cx56"]
size = Vector3(0.09, 0.48, 0.099)

[sub_resource type="BoxShape3D" id="BoxShape3D_xut0g"]
size = Vector3(0.12792969, 0.28735352, 0.107666016)

[sub_resource type="BoxShape3D" id="BoxShape3D_n7pm7"]
size = Vector3(0.08984375, 0.4802246, 0.09863281)

[sub_resource type="Animation" id="Animation_e2y4b"]
resource_name = "Jump"
tracks/0/type = "value"
tracks/0/imported = false
tracks/0/enabled = true
tracks/0/path = NodePath("Left Leg Target:position")
tracks/0/interp = 1
tracks/0/loop_wrap = true
tracks/0/keys = {
"times": PackedFloat32Array(1),
"transitions": PackedFloat32Array(1),
"update": 0,
"values": [Vector3(1.368, 7.2406154, -0.7422786)]
}
tracks/1/type = "value"
tracks/1/imported = false
tracks/1/enabled = true
tracks/1/path = NodePath("Right Leg Target:position")
tracks/1/interp = 1
tracks/1/loop_wrap = true
tracks/1/keys = {
"times": PackedFloat32Array(1),
"transitions": PackedFloat32Array(1),
"update": 0,
"values": [Vector3(-1.368, 7.2406154, -0.7422786)]
}

[sub_resource type="Animation" id="Animation_ouye5"]
length = 0.001

[sub_resource type="Animation" id="Animation_ioqlf"]
resource_name = "Walk"
length = 2.0
loop_mode = 1
tracks/0/type = "value"
tracks/0/imported = false
tracks/0/enabled = true
tracks/0/path = NodePath("Left Leg Target:position")
tracks/0/interp = 1
tracks/0/loop_wrap = true
tracks/0/keys = {
"times": PackedFloat32Array(0, 1, 2),
"transitions": PackedFloat32Array(1, 1, 1),
"update": 0,
"values": [Vector3(1.368, 7, -2.046), Vector3(1.368, 0, 0), Vector3(1.368, 7, -2.046)]
}
tracks/1/type = "value"
tracks/1/imported = false
tracks/1/enabled = true
tracks/1/path = NodePath("Right Leg Target:position")
tracks/1/interp = 1
tracks/1/loop_wrap = true
tracks/1/keys = {
"times": PackedFloat32Array(0, 1, 2),
"transitions": PackedFloat32Array(1, 1, 1),
"update": 0,
"values": [Vector3(-1.368, 0, 0), Vector3(-1.368, 7, -2.046), Vector3(-1.368, 0, 0)]
}

[sub_resource type="AnimationLibrary" id="AnimationLibrary_3tbdo"]
_data = {
&"Jump": SubResource("Animation_e2y4b"),
&"RESET": SubResource("Animation_ouye5"),
&"Walk": SubResource("Animation_ioqlf")
}

[sub_resource type="AnimationNodeAnimation" id="AnimationNodeAnimation_e2y4b"]
animation = &"Walk"
advance_on_start = true

[sub_resource type="AnimationNodeAnimation" id="AnimationNodeAnimation_3eua4"]
animation = &"Jump"

[sub_resource type="AnimationNodeAnimation" id="AnimationNodeAnimation_7xxjt"]
animation = &"RESET"

[sub_resource type="AnimationNodeBlend2" id="AnimationNodeBlend2_3eua4"]
filter_enabled = true
filters = ["Left Leg Target:position", "Right Leg Target:position"]

[sub_resource type="AnimationNodeBlend2" id="AnimationNodeBlend2_7xxjt"]
filter_enabled = true
filters = ["Left Leg Target:position", "Right Leg Target:position"]

[sub_resource type="AnimationNodeTimeScale" id="AnimationNodeTimeScale_e2y4b"]

[sub_resource type="AnimationNodeBlendTree" id="AnimationNodeBlendTree_t3qha"]
graph_offset = Vector2(-147.95117, -77.68851)
nodes/output/position = Vector2(1160, -40)
nodes/WalkSpeed/node = SubResource("AnimationNodeTimeScale_e2y4b")
nodes/WalkSpeed/position = Vector2(620, 300)
"nodes/Animation 3/node" = SubResource("AnimationNodeAnimation_3eua4")
"nodes/Animation 3/position" = Vector2(620, 120)
"nodes/Animation 2/node" = SubResource("AnimationNodeAnimation_e2y4b")
"nodes/Animation 2/position" = Vector2(460, 300)
nodes/JumpBlend/node = SubResource("AnimationNodeBlend2_7xxjt")
nodes/JumpBlend/position = Vector2(820, 100)
nodes/Blend2/node = SubResource("AnimationNodeBlend2_3eua4")
nodes/Blend2/position = Vector2(1000, -60)
"nodes/Animation 4/node" = SubResource("AnimationNodeAnimation_7xxjt")
"nodes/Animation 4/position" = Vector2(440, -60)
node_connections = [&"output", 0, &"Blend2", &"WalkSpeed", 0, &"Animation 2", &"JumpBlend", 0, &"Animation 3", &"JumpBlend", 1, &"WalkSpeed", &"Blend2", 0, &"Animation 4", &"Blend2", 1, &"JumpBlend"]

[sub_resource type="Animation" id="Animation_3tbdo"]
resource_name = "Grab"
length = 2.0
loop_mode = 1
tracks/0/type = "value"
tracks/0/imported = false
tracks/0/enabled = true
tracks/0/path = NodePath("Right Arm Target:position")
tracks/0/interp = 1
tracks/0/loop_wrap = true
tracks/0/keys = {
"times": PackedFloat32Array(0),
"transitions": PackedFloat32Array(1),
"update": 0,
"values": [Vector3(0, 14.401913, 5.646963)]
}
tracks/1/type = "value"
tracks/1/imported = false
tracks/1/enabled = true
tracks/1/path = NodePath("Left Arm Target:position")
tracks/1/interp = 1
tracks/1/loop_wrap = true
tracks/1/keys = {
"times": PackedFloat32Array(0, 1, 2),
"transitions": PackedFloat32Array(1, 1, 1),
"update": 0,
"values": [Vector3(2.917, 5.917, 0.055), Vector3(2.917, 8.676, 0.055), Vector3(2.917, 5.917, 0.055)]
}
tracks/2/type = "value"
tracks/2/imported = false
tracks/2/enabled = true
tracks/2/path = NodePath("Right Arm Target:rotation")
tracks/2/interp = 1
tracks/2/loop_wrap = true
tracks/2/keys = {
"times": PackedFloat32Array(0),
"transitions": PackedFloat32Array(1),
"update": 0,
"values": [Vector3(0, 0, 0)]
}

[sub_resource type="Animation" id="Animation_5lhmr"]
resource_name = "Idle"
length = 2.0
loop_mode = 1
tracks/0/type = "value"
tracks/0/imported = false
tracks/0/enabled = true
tracks/0/path = NodePath("Right Arm Target:position")
tracks/0/interp = 1
tracks/0/loop_wrap = true
tracks/0/keys = {
"times": PackedFloat32Array(0, 1, 2),
"transitions": PackedFloat32Array(1, 1, 1),
"update": 0,
"values": [Vector3(-2.917, 5.917, 0.055), Vector3(-2.917, 8.676, 0.055), Vector3(-2.917, 5.917, 0.055)]
}
tracks/1/type = "value"
tracks/1/imported = false
tracks/1/enabled = true
tracks/1/path = NodePath("Left Arm Target:position")
tracks/1/interp = 1
tracks/1/loop_wrap = true
tracks/1/keys = {
"times": PackedFloat32Array(0, 1, 2),
"transitions": PackedFloat32Array(1, 1, 1),
"update": 0,
"values": [Vector3(2.917, 5.917, 0.055), Vector3(2.917, 8.676, 0.055), Vector3(2.917, 5.917, 0.055)]
}

[sub_resource type="Animation" id="Animation_t3qha"]
resource_name = "RESET"
length = 0.001
tracks/0/type = "value"
tracks/0/imported = false
tracks/0/enabled = true
tracks/0/path = NodePath("Right Arm Target:position")
tracks/0/interp = 1
tracks/0/loop_wrap = true
tracks/0/keys = {
"times": PackedFloat32Array(0),
"transitions": PackedFloat32Array(1),
"update": 0,
"values": [Vector3(-2.917, 5.917, 0.055)]
}
tracks/1/type = "value"
tracks/1/imported = false
tracks/1/enabled = true
tracks/1/path = NodePath("Left Arm Target:position")
tracks/1/interp = 1
tracks/1/loop_wrap = true
tracks/1/keys = {
"times": PackedFloat32Array(0),
"transitions": PackedFloat32Array(1),
"update": 0,
"values": [Vector3(2.917, 5.917, 0.055)]
}

[sub_resource type="AnimationLibrary" id="AnimationLibrary_ryliy"]
_data = {
&"Grab": SubResource("Animation_3tbdo"),
&"Idle": SubResource("Animation_5lhmr"),
&"RESET": SubResource("Animation_t3qha")
}

[node name="Stoneman" unique_id=316174631 instance=ExtResource("1_3tbdo")]
script = ExtResource("2_t3qha")

[node name="Head" parent="Armature/Skeleton3D" parent_id_path=PackedInt32Array(715983050) index="0" unique_id=825666401]
visible = false

[node name="Neck" parent="Armature/Skeleton3D" parent_id_path=PackedInt32Array(715983050) index="1" unique_id=1649545074]
visible = false

[node name="Hand_l" parent="Armature/Skeleton3D" parent_id_path=PackedInt32Array(715983050) index="2" unique_id=1438153977]
transform = Transform3D(-0.9973729, 0.037269346, -0.06211549, -0.040989026, -0.9973727, 0.05972644, -0.059726354, 0.062115584, 0.99628025, 2.7925897, -1.8649442, -0.81486577)

[node name="Lower Arm_l" parent="Armature/Skeleton3D" parent_id_path=PackedInt32Array(715983050) index="3" unique_id=151419221]
transform = Transform3D(-0.9973729, 0.037269346, -0.06211549, -0.040989026, -0.9973727, 0.05972644, -0.059726354, 0.062115584, 0.99628025, 2.6832213, 1.0618541, -0.99714446)

[node name="Upper Arm_l" parent="Armature/Skeleton3D" parent_id_path=PackedInt32Array(715983050) index="4" unique_id=197858438]
transform = Transform3D(-0.9301673, 0.3625368, -0.057929978, -0.3649997, -0.9301672, 0.03954729, -0.03954723, 0.057930026, 0.99753696, 1.3811173, 4.402683, -1.2052085)

[node name="Hand_r" parent="Armature/Skeleton3D" parent_id_path=PackedInt32Array(715983050) index="5" unique_id=1436059033]
transform = Transform3D(0.056323428, -0.032165587, 0.9978942, 0.05445296, -0.997894, -0.03523907, 0.99692625, 0.05632305, -0.05445328, -2.7931712, -1.8747058, -0.85090035)

[node name="Lower Arm_r" parent="Armature/Skeleton3D" parent_id_path=PackedInt32Array(715983050) index="6" unique_id=649689457]
transform = Transform3D(0.056323428, -0.032165587, 0.9978942, 0.05445296, -0.997894, -0.03523907, 0.99692625, 0.05632305, -0.05445328, -2.69878, 1.053621, -1.0161808)

[node name="Upper Arm_r" parent="Armature/Skeleton3D" parent_id_path=PackedInt32Array(715983050) index="7" unique_id=243567570]
transform = Transform3D(0.052630175, -0.35742056, 0.9324593, 0.036153205, -0.9324591, -0.35946113, 0.9979592, 0.052629862, -0.036153574, -1.4150515, 4.402683, -1.2052085)

[node name="Foot_l" parent="Armature/Skeleton3D" parent_id_path=PackedInt32Array(715983050) index="9" unique_id=396274797]
transform = Transform3D(0.009978883, 0.01595146, -0.999823, -0.13591684, -0.99057585, -0.0171597, -0.9906857, 0.13605057, -0.0077157356, 1.5378577, -7.820881, -2.4935527)

[node name="Lower Leg_l" parent="Armature/Skeleton3D" parent_id_path=PackedInt32Array(715983050) index="10" unique_id=1360580049]
transform = Transform3D(-0.007537011, 0.046800107, -0.9988759, 0.7410566, -0.67042816, -0.037002295, -0.67140174, -0.74051976, -0.029627983, 1.2995964, -4.4077053, 1.2764622)

[node name="Upper Leg_l" parent="Armature/Skeleton3D" parent_id_path=PackedInt32Array(715983050) index="11" unique_id=1922271189]
transform = Transform3D(0.043594006, 0.08107242, -0.9957544, -0.4715792, -0.8770108, -0.092049465, -0.88076574, 0.47358137, -3.5762787e-07, 0.93789095, -0.4949112, -0.83642685)

[node name="Foot_r" parent="Armature/Skeleton3D" parent_id_path=PackedInt32Array(715983050) index="12" unique_id=279561999]
transform = Transform3D(-0.00027162768, -0.0020499844, -0.99999785, -0.62321347, -0.7820503, 0.0017724298, -0.7820684, 0.6232201, -0.0010655103, -1.5370274, -9.768129, -1.7883468)

[node name="Lower Leg_r" parent="Armature/Skeleton3D" parent_id_path=PackedInt32Array(715983050) index="13" unique_id=265641217]
transform = Transform3D(0.0015387051, -0.03095349, -0.99951965, 0.29390582, -0.95536256, 0.03003842, -0.95584875, -0.29382008, 0.007627305, -1.379442, -4.904342, -0.29249746)

[node name="Upper Leg_r" parent="Armature/Skeleton3D" parent_id_path=PackedInt32Array(715983050) index="14" unique_id=1692920147]
transform = Transform3D(-0.011222205, -0.091362804, -0.9957544, -0.12140053, -0.98832655, 0.09204942, -0.9925582, 0.12191594, -2.3841858e-07, -0.9718256, -0.4949112, -0.83642685)

[node name="Left Arm IK" type="CCDIK3D" parent="Armature/Skeleton3D" parent_id_path=PackedInt32Array(715983050) index="16" unique_id=149266175]
angular_delta_limit = 3.141592653589793
deterministic = true
setting_count = 1
settings/0/target_node = NodePath("../../../Left Arm Target")
settings/0/root_bone_name = "Upper Arm.l"
settings/0/root_bone = 4
settings/0/end_bone_name = "Hand.l"
settings/0/end_bone = 6
settings/0/extend_end_bone = false
settings/0/joint_count = 3
settings/0/joints/0/rotation_axis = 3
settings/0/joints/0/limitation = SubResource("JointLimitationCone3D_cd8uv")
settings/0/joints/0/limitation/right_axis = 0
settings/0/joints/0/limitation/rotation_offset = Quaternion(0, 0, 0, 1)
settings/0/joints/1/rotation_axis = 3
settings/0/joints/1/limitation = SubResource("JointLimitationCone3D_e2y4b")
settings/0/joints/1/limitation/right_axis = 0
settings/0/joints/1/limitation/rotation_offset = Quaternion(0, 0, 0, 1)
settings/0/joints/2/rotation_axis = 3
settings/0/joints/2/limitation = SubResource("JointLimitationCone3D_5lhmr")
settings/0/joints/2/limitation/right_axis = 0
settings/0/joints/2/limitation/rotation_offset = Quaternion(0, 0, 0, 1)

[node name="Right Arm IK" type="CCDIK3D" parent="Armature/Skeleton3D" parent_id_path=PackedInt32Array(715983050) index="17" unique_id=82663340]
transform = Transform3D(1, 0, 0, 0, 1, 0, 0, 0, 1, -9.420729, 0, 2.0080469)
angular_delta_limit = 3.141592653589793
deterministic = true
setting_count = 1
settings/0/target_node = NodePath("../../../Right Arm Target")
settings/0/root_bone_name = "Upper Arm.r"
settings/0/root_bone = 7
settings/0/end_bone_name = "Hand.r"
settings/0/end_bone = 9
settings/0/extend_end_bone = false
settings/0/joint_count = 3
settings/0/joints/0/rotation_axis = 3
settings/0/joints/0/limitation = SubResource("JointLimitationCone3D_3eua4")
settings/0/joints/0/limitation/right_axis = 0
settings/0/joints/0/limitation/rotation_offset = Quaternion(0, 0, 0, 1)
settings/0/joints/1/rotation_axis = 3
settings/0/joints/1/limitation = SubResource("JointLimitationCone3D_7xxjt")
settings/0/joints/1/limitation/right_axis = 0
settings/0/joints/1/limitation/rotation_offset = Quaternion(0, 0, 0, 1)
settings/0/joints/2/rotation_axis = 3
settings/0/joints/2/limitation = SubResource("JointLimitationCone3D_yxj3v")
settings/0/joints/2/limitation/right_axis = 0
settings/0/joints/2/limitation/rotation_offset = Quaternion(0, 0, 0, 1)

[node name="Left Leg IK" type="CCDIK3D" parent="Armature/Skeleton3D" parent_id_path=PackedInt32Array(715983050) index="18" unique_id=2137619909]
transform = Transform3D(1, 0, 0, 0, 1, 0, 0, 0, 1, 0, 0.37469006, -13.336575)
angular_delta_limit = 3.141592653589793
deterministic = true
setting_count = 1
settings/0/target_node = NodePath("../../../Left Leg Target")
settings/0/root_bone_name = "Upper Leg.l"
settings/0/root_bone = 10
settings/0/end_bone_name = "Foot.l"
settings/0/end_bone = 12
settings/0/extend_end_bone = false
settings/0/joint_count = 3
settings/0/joints/0/rotation_axis = 2
settings/0/joints/0/limitation = null
settings/0/joints/1/rotation_axis = 2
settings/0/joints/1/limitation = null
settings/0/joints/2/rotation_axis = 2
settings/0/joints/2/limitation = null

[node name="Right Leg IK" type="CCDIK3D" parent="Armature/Skeleton3D" parent_id_path=PackedInt32Array(715983050) index="19" unique_id=2007280711]
transform = Transform3D(1, 0, 0, 0, 1, 0, 0, 0, 1, 0, -1.3000927, 0)
angular_delta_limit = 3.141592653589793
deterministic = true
setting_count = 1
settings/0/target_node = NodePath("../../../Right Leg Target")
settings/0/root_bone_name = "Upper Leg.r"
settings/0/root_bone = 13
settings/0/end_bone_name = "Foot.r"
settings/0/end_bone = 15
settings/0/extend_end_bone = false
settings/0/joint_count = 3
settings/0/joints/0/rotation_axis = 2
settings/0/joints/0/limitation = null
settings/0/joints/1/rotation_axis = 2
settings/0/joints/1/limitation = null
settings/0/joints/2/rotation_axis = 2
settings/0/joints/2/limitation = null

[node name="PhysicalBoneSimulator3D" type="PhysicalBoneSimulator3D" parent="Armature/Skeleton3D" parent_id_path=PackedInt32Array(715983050) index="20" unique_id=1072758212]

[node name="Physical Bone Lower Chest" type="PhysicalBone3D" parent="Armature/Skeleton3D/PhysicalBoneSimulator3D" index="0" unique_id=541152247]
transform = Transform3D(1, -6.2584877e-07, 0, 0, 0, -1, 6.2584877e-07, 1, 0, 3.2336102e-06, 0.6890793, -1.0260487)
collision_layer = 64
collision_mask = 7
joint_offset = Transform3D(1, 0, 0, 0, 1, 0, 0, 0, 1, -3.2336e-06, 1.6331674e-05, 0.6890793)
body_offset = Transform3D(1, -6.2584877e-07, 0, 0, 0, -1, 6.2584877e-07, 1, 0, 3.2336102e-06, 0.6890793, -1.6331673e-05)
can_sleep = false
bone_name = "Lower Chest"

[node name="CollisionShape3D" type="CollisionShape3D" parent="Armature/Skeleton3D/PhysicalBoneSimulator3D/Physical Bone Lower Chest" index="0" unique_id=263991797]
transform = Transform3D(1, 0, 0, 0, 0, 1, 0, -1, 0, -1.0913936e-11, 0.023284916, 0)
shape = SubResource("BoxShape3D_ryliy")

[node name="Physical Bone Upper Chest" type="PhysicalBone3D" parent="Armature/Skeleton3D/PhysicalBoneSimulator3D" index="1" unique_id=389848489]
transform = Transform3D(1, -1.3558125e-06, -3.5506486e-07, -2.9135555e-07, 0.04670398, -0.9989088, 1.3709159e-06, 0.9989088, 0.04670398, 1.7717539e-05, 3.5541582, -1.1278183)
collision_layer = 64
collision_mask = 7
joint_type = 1
joint_offset = Transform3D(1, 0, 0, 0, 1, 0, 0, 0, 1, -1.6943995e-05, 4.7113786e-05, 2.1783786)
body_offset = Transform3D(1, -1.594231e-06, -3.5506554e-07, -3.5506102e-07, 2.8647482e-06, -1.0000002, 1.594232e-06, 1.0000001, 2.861023e-06, 1.7717539e-05, 2.178379, -5.3346157e-05)
can_sleep = false
bone_name = "Upper Chest"
joint_constraints/bias = 0.3
joint_constraints/damping = 1.0
joint_constraints/impulse_clamp = 0.0

[node name="CollisionShape3D" type="CollisionShape3D" parent="Armature/Skeleton3D/PhysicalBoneSimulator3D/Physical Bone Upper Chest" index="0" unique_id=1613317828]
transform = Transform3D(0.9999988, -4.565237e-13, 8.697043e-12, -8.7538865e-12, -1.7099082e-06, 1, 5.151435e-14, -1, 0, -5.0167728e-09, 0.016052287, 0.048461795)
shape = SubResource("BoxShape3D_q4fo0")

[node name="Nametag" type="Label3D" parent="Armature/Skeleton3D/PhysicalBoneSimulator3D/Physical Bone Upper Chest" index="1" unique_id=746264324]
transform = Transform3D(1, -2.89564e-07, 1.2657245e-14, 0, -4.371139e-08, -1, 2.89564e-07, 1, -4.371139e-08, -0.00052925554, 0.11734857, -1.3522203)
billboard = 1

[node name="Physical Bone Neck" type="PhysicalBone3D" parent="Armature/Skeleton3D/PhysicalBoneSimulator3D" index="2" unique_id=1561817379]
transform = Transform3D(1, 4.7683716e-07, 7.378764e-11, 7.3784166e-11, 7.295128e-09, -1, -4.7683716e-07, 1, 7.295128e-09, -3.2776734e-07, 5.965536, -1.2295766)
collision_layer = 64
collision_mask = 7
joint_type = 1
joint_offset = Transform3D(1, 0, 0, 0, 1, 0, 0, 0, 1, 3.277426e-07, 3.1230258e-05, 0.23435591)
body_offset = Transform3D(1, 2.3841858e-07, 7.378679e-11, 7.378921e-11, -1.5545121e-10, -1.0000001, -2.3841854e-07, 0.9999998, 1.1020417e-08, -3.2776734e-07, 0.23435593, -3.1232834e-05)
can_sleep = false
bone_name = "Neck"
joint_constraints/bias = 0.3
joint_constraints/damping = 1.0
joint_constraints/impulse_clamp = 0.0

[node name="CollisionShape3D" type="CollisionShape3D" parent="Armature/Skeleton3D/PhysicalBoneSimulator3D/Physical Bone Neck" index="0" unique_id=794645204]
transform = Transform3D(1, -2.6709066e-18, 0, 0, 0, 1, 2.6709066e-18, -1, 0, 0, 0, -0.0012207031)
shape = SubResource("BoxShape3D_0bbyl")

[node name="Head" parent="Armature/Skeleton3D/PhysicalBoneSimulator3D/Physical Bone Neck" index="1" unique_id=1574753834 instance=ExtResource("3_t3qha")]
unique_name_in_owner = true
transform = Transform3D(-1, -1.5099579e-07, 0, 0, -4.371135e-08, -1, 1.509958e-07, -1, 4.3711346e-08, 2.3079338e-08, 0.012766182, -0.72161484)

[node name="CenterHoldMarker" type="Marker3D" parent="Armature/Skeleton3D/PhysicalBoneSimulator3D/Physical Bone Neck/Head" index="4" unique_id=1708920685]
unique_name_in_owner = true
transform = Transform3D(-0.79124707, -0.6135434, -0.14084771, 0.2803185, -0.14084882, -0.9612117, 0.5636439, -0.79124683, 0.28031915, -1.1294912, -3.1836004, -6.5418897)
gizmo_extents = 1.48

[node name="HipHoldMarker" type="Marker3D" parent="Armature/Skeleton3D/PhysicalBoneSimulator3D/Physical Bone Neck/Head" index="5" unique_id=1976489590]
unique_name_in_owner = true
transform = Transform3D(11.111112, -1.845207e-13, 0, 2.7022666e-13, 11.111112, -5.684342e-14, 0, 5.684342e-14, 11.111112, 3.8791404, -3.0370178, -6.353165)

[node name="ObjectGrabberShapeCast" type="ShapeCast3D" parent="Armature/Skeleton3D/PhysicalBoneSimulator3D/Physical Bone Neck/Head" index="6" unique_id=430535096]
transform = Transform3D(11.111112, -1.8452069e-13, 0, 2.7022666e-13, 11.111112, -5.684342e-14, 0, 0, 11.111112, -3.5280304e-05, 0.19608498, -0.46394706)
shape = SubResource("SphereShape3D_ryliy")
target_position = Vector3(0, 0, -2)
collision_mask = 16

[node name="SpringArm3D" type="SpringArm3D" parent="Armature/Skeleton3D/PhysicalBoneSimulator3D/Physical Bone Neck/Head" index="7" unique_id=130385918]
transform = Transform3D(11.111112, 2.2737368e-13, -2.2737368e-13, 2.7022666e-13, -10.44103, -3.8002238, 0, 3.8002238, -10.44103, -3.5280274e-05, 0.9771824, -0.46394706)
shape = SubResource("SphereShape3D_q4fo0")

[node name="CSGSphere3D" type="CSGSphere3D" parent="Armature/Skeleton3D/PhysicalBoneSimulator3D/Physical Bone Neck/Head/SpringArm3D" index="0" unique_id=833199239]
transform = Transform3D(1, 0, 0, 0, 0.9916689, -0.12881291, 0, 0.12881291, 0.9916689, 0, 0, 0)
visible = false
radius = 0.05
material = SubResource("StandardMaterial3D_0bbyl")

[node name="GrabbedAnchor" type="Marker3D" parent="Armature/Skeleton3D/PhysicalBoneSimulator3D/Physical Bone Neck/Head/SpringArm3D" index="1" unique_id=1881567061]

[node name="Camera3D" type="Camera3D" parent="Armature/Skeleton3D/PhysicalBoneSimulator3D/Physical Bone Neck/Head" index="8" unique_id=1498117023]
transform = Transform3D(11.111111, -3.8391173e-13, 0, 4.1189496e-13, 11.111111, 2.5011104e-12, 0, -2.3305802e-12, 11.111111, -3.484005e-05, 0.07087135, -1.3872098)
v_offset = 0.085
current = true

[node name="Physical Bone Upper Arm_l" type="PhysicalBone3D" parent="Armature/Skeleton3D/PhysicalBoneSimulator3D" index="3" unique_id=1992439994]
transform = Transform3D(-0.9301737, -0.057933867, -0.36251998, -0.36498314, 0.039546743, 0.9301739, -0.03955209, 0.9975369, -0.05793022, 2.0104096, 2.729784, -1.0932934)
collision_layer = 64
collision_mask = 7
joint_type = 1
joint_offset = Transform3D(1, 0, 0, 0, 1, 0, 0, 0, 1, -0.02080252, -0.009024395, 1.7907008)
body_offset = Transform3D(1.0000001, 3.8184226e-06, -1.807441e-05, -1.7992454e-05, -9.0152025e-07, -1.0000002, -3.822148e-06, 1.0000002, -9.0152025e-07, 0.020834923, 1.7907009, 0.009025931)
can_sleep = false
bone_name = "Upper Arm.l"
joint_constraints/bias = 0.3
joint_constraints/damping = 1.0
joint_constraints/impulse_clamp = 0.0

[node name="CollisionShape3D" type="CollisionShape3D" parent="Armature/Skeleton3D/PhysicalBoneSimulator3D/Physical Bone Upper Arm_l" index="0" unique_id=595555191]
transform = Transform3D(1, 5.2738442e-11, 0, 0, -4.3712816e-08, 1, 5.2761108e-11, -1, -4.3712816e-08, 0, 0, -0.017)
shape = SubResource("BoxShape3D_26cqc")

[node name="Physical Bone Lower Arm_l" type="PhysicalBone3D" parent="Armature/Skeleton3D/PhysicalBoneSimulator3D" index="4" unique_id=692847862]
transform = Transform3D(-0.9973813, -0.061981663, -0.037265673, -0.040981308, 0.05979787, 0.99736893, -0.059590172, 0.99628437, -0.06218137, 2.7296968, -0.40381432, -0.9003025)
collision_layer = 64
collision_mask = 7
joint_type = 1
joint_offset = Transform3D(1, 0, 0, 0, 1, 0, 0, 0, 1, -0.0079405345, -0.0059576663, 1.4695656)
body_offset = Transform3D(0.9999999, -0.00013664365, 4.2142347e-07, 4.4633634e-07, -6.600097e-05, -1.0000001, 0.00013665855, 1, -6.598979e-05, 0.0079391, 1.4695654, 0.0060557276)
can_sleep = false
bone_name = "Lower Arm.l"
joint_constraints/bias = 0.3
joint_constraints/damping = 1.0
joint_constraints/impulse_clamp = 0.0

[node name="CollisionShape3D" type="CollisionShape3D" parent="Armature/Skeleton3D/PhysicalBoneSimulator3D/Physical Bone Lower Arm_l" index="0" unique_id=2032070340]
transform = Transform3D(1, -5.251966e-12, -2.2957072e-19, 0, -4.371139e-08, 1, -5.251966e-12, -1, -4.371139e-08, 0, 0, -0.06)
shape = SubResource("BoxShape3D_b6f4k")

[node name="Physical Bone Upper Arm_r" type="PhysicalBone3D" parent="Armature/Skeleton3D/PhysicalBoneSimulator3D" index="5" unique_id=1855419348]
transform = Transform3D(0.052769005, 0.93244165, 0.35744655, 0.036195472, -0.35949597, 0.93244445, 0.9979506, -0.036266215, -0.05272041, -2.0660727, 2.7236729, -1.106812)
collision_layer = 64
collision_mask = 7
joint_type = 1
joint_offset = Transform3D(1, 0, 0, 0, 1, 0, 0, 0, 1, -0.0030685843, 0.0070102927, 1.8034762)
body_offset = Transform3D(1.0000002, -0.000114608556, -8.952245e-05, -8.94852e-05, 3.2873475e-05, -1.0000004, 0.0001145713, 1.0000001, 3.2808166e-05, 0.00323084, 1.8034763, -0.007069111)
can_sleep = false
bone_name = "Upper Arm.r"
joint_constraints/bias = 0.3
joint_constraints/damping = 1.0
joint_constraints/impulse_clamp = 0.0

[node name="CollisionShape3D" type="CollisionShape3D" parent="Armature/Skeleton3D/PhysicalBoneSimulator3D/Physical Bone Upper Arm_r" index="0" unique_id=720902507]
transform = Transform3D(1, 0, -1.4142643e-10, 1.4142643e-10, -3.5379533e-11, 1, 0, -1, -3.5333188e-11, 3.7252903e-09, -1.1920929e-07, -0.016525269)
shape = SubResource("BoxShape3D_byufd")

[node name="Physical Bone Lower Arm_r" type="PhysicalBone3D" parent="Armature/Skeleton3D/PhysicalBoneSimulator3D" index="6" unique_id=1774602281]
transform = Transform3D(0.056577493, 0.99788064, 0.032145165, 0.0544619, -0.035233457, 0.9978941, 0.9969117, -0.054707654, -0.056339897, -2.7379448, -0.41017437, -0.93018115)
collision_layer = 64
collision_mask = 7
joint_type = 1
joint_offset = Transform3D(1, 0, 0, 0, 1, 0, 0, 0, 1, -0.0037970045, -0.007787984, 1.4668174)
body_offset = Transform3D(1.0000002, -0.0002540499, -1.7940998e-05, -1.7914921e-05, -1.9493513e-05, -1.0000005, 0.0002540052, 1.0000001, -1.9468833e-05, 0.0038213432, 1.4668179, 0.007817507)
can_sleep = false
bone_name = "Lower Arm.r"
joint_constraints/bias = 0.3
joint_constraints/damping = 1.0
joint_constraints/impulse_clamp = 0.0

[node name="CollisionShape3D" type="CollisionShape3D" parent="Armature/Skeleton3D/PhysicalBoneSimulator3D/Physical Bone Lower Arm_r" index="0" unique_id=1458715832]
transform = Transform3D(1, 0, -5.7571015e-10, 5.7571015e-10, 6.6492534e-11, 1, 0, -1, 6.652132e-11, 0, 0, -0.059814453)
shape = SubResource("BoxShape3D_18ud8")

[node name="Physical Bone Upper Leg_l" type="PhysicalBone3D" parent="Armature/Skeleton3D/PhysicalBoneSimulator3D" index="7" unique_id=1983502860]
transform = Transform3D(0.043577194, -0.99575716, -0.08104769, -0.47141206, -0.0920201, 0.8770992, -0.88083583, -1.46692155e-05, -0.47342193, 1.1207893, -2.4282017, 0.21729565)
collision_layer = 64
collision_mask = 7
joint_type = 1
joint_offset = Transform3D(1, 0, 0, 0, 1, 0, 0, 0, 1, 0.008809601, 0.004236138, 2.2093666)
body_offset = Transform3D(0.9999821, -1.3707386e-06, -0.0001810193, -0.00018110871, -3.2753764e-05, -1, 1.3627003e-06, 1, -3.2773238e-05, -0.0084095, 2.2093682, -0.004163742)
can_sleep = false
bone_name = "Upper Leg.l"
joint_constraints/bias = 0.3
joint_constraints/damping = 1.0
joint_constraints/impulse_clamp = 0.0

[node name="CollisionShape3D" type="CollisionShape3D" parent="Armature/Skeleton3D/PhysicalBoneSimulator3D/Physical Bone Upper Leg_l" index="0" unique_id=1995903903]
transform = Transform3D(1, 4.638423e-11, -1.36424205e-11, -2.2737368e-13, -8.6429804e-07, 1.0000358, -5.456968e-12, -1.0000358, -8.567861e-07, 0, -0.002288878, 0)
shape = SubResource("BoxShape3D_7g05a")

[node name="Physical Bone Lower Leg_l" type="PhysicalBone3D" parent="Armature/Skeleton3D/PhysicalBoneSimulator3D" index="8" unique_id=1423719608]
transform = Transform3D(-0.007538965, -0.9988759, -0.04679906, 0.74103934, -0.037004285, 0.67044127, -0.6714193, -0.02962551, 0.7404853, 1.4022206, -6.085638, -0.5959174)
collision_layer = 64
collision_mask = 7
joint_type = 1
joint_offset = Transform3D(1, 0, 0, 0, 1, 0, 0, 0, 1, -0.012964141, -0.015052072, 2.5162272)
body_offset = Transform3D(0.999999, -3.1292439e-06, 3.2812357e-05, 2.4437904e-05, -4.991889e-07, -0.99998325, 3.1087548e-06, 1, -5.085021e-07, 0.012881517, 2.5161855, 0.015053391)
can_sleep = false
bone_name = "Lower Leg.l"
joint_constraints/bias = 0.3
joint_constraints/damping = 1.0
joint_constraints/impulse_clamp = 0.0

[node name="CollisionShape3D" type="CollisionShape3D" parent="Armature/Skeleton3D/PhysicalBoneSimulator3D/Physical Bone Lower Leg_l" index="0" unique_id=593750501]
transform = Transform3D(1, -6.3437255e-11, -2.0534685e-12, 0, 5.68107e-07, 1.0000968, 0, -1.0000968, 2.924351e-07, 4.656613e-08, -0.0004657358, -0.08425832)
shape = SubResource("BoxShape3D_2cx56")

[node name="Physical Bone Upper Leg_r" type="PhysicalBone3D" parent="Armature/Skeleton3D/PhysicalBoneSimulator3D" index="9" unique_id=492667798]
transform = Transform3D(-0.011243492, -0.99575275, 0.091378905, -0.12189205, 0.09206801, 0.9882641, -0.9924797, -2.682167e-05, -0.122409515, -1.179875, -2.676569, -0.5580139)
collision_layer = 64
collision_mask = 7
joint_type = 1
joint_offset = Transform3D(1, 0, 0, 0, 1, 0, 0, 0, 1, 0.008053276, -0.0062974733, 2.2091453)
body_offset = Transform3D(0.99998194, 2.410739e-05, 0.00049729645, 0.00049729645, -2.1762206e-05, -0.9999999, -2.4047069e-05, 1, -2.1764945e-05, -0.009151578, 2.2091408, 0.006345749)
can_sleep = false
bone_name = "Upper Leg.r"
joint_constraints/bias = 0.3
joint_constraints/damping = 1.0
joint_constraints/impulse_clamp = 0.0

[node name="CollisionShape3D" type="CollisionShape3D" parent="Armature/Skeleton3D/PhysicalBoneSimulator3D/Physical Bone Upper Leg_r" index="0" unique_id=2058079401]
transform = Transform3D(0.99998903, 4.0017767e-11, 2.978595e-11, 1.7649882e-11, 5.5135257e-07, 1, -2.2191671e-10, -1, 5.5133336e-07, 5.5879354e-09, -0.0013427734, 0)
shape = SubResource("BoxShape3D_xut0g")

[node name="Physical Bone Lower Leg_r" type="PhysicalBone3D" parent="Armature/Skeleton3D/PhysicalBoneSimulator3D" index="10" unique_id=1824740642]
transform = Transform3D(0.0015357662, -0.9995184, 0.030993184, 0.29376084, 0.030076694, 0.95540565, -0.9558777, 0.007637304, 0.29366556, -1.4607797, -7.082741, -0.9594905)
collision_layer = 64
collision_mask = 7
joint_type = 1
joint_offset = Transform3D(1, 0, 0, 0, 1, 0, 0, 0, 1, 0.0024894713, -0.0106855, 2.2796488)
body_offset = Transform3D(0.999985, 1.6940758e-06, 0.0001603961, 0.00014710426, -3.954093e-05, -0.99999696, -1.6381964e-06, 0.9999999, -3.955979e-05, -0.0028550625, 2.2796407, 0.010775685)
can_sleep = false
bone_name = "Lower Leg.r"
joint_constraints/bias = 0.3
joint_constraints/damping = 1.0
joint_constraints/impulse_clamp = 0.0

[node name="CollisionShape3D" type="CollisionShape3D" parent="Armature/Skeleton3D/PhysicalBoneSimulator3D/Physical Bone Lower Leg_r" index="0" unique_id=113445687]
transform = Transform3D(0.9999853, -1.546141e-11, 2.7029046e-11, 3.0695446e-12, 1.1174297e-08, 1.0000032, 7.412382e-11, -1.0000032, 9.872176e-08, 6.457791e-05, -5.7712197e-05, -0.09997147)
shape = SubResource("BoxShape3D_n7pm7")

[node name="Label3D" type="Label3D" parent="." index="4" unique_id=120455628]

[node name="Area3D" type="Area3D" parent="." index="5" unique_id=538554726]

[node name="Left Arm Target" type="Node3D" parent="." index="6" unique_id=471309025]
transform = Transform3D(1, 0, 0, 0, 1, 0, 0, 0, 1, 2.917, 5.917, 0.055)

[node name="Right Arm Target" type="Node3D" parent="." index="7" unique_id=617302750]
transform = Transform3D(1, 0, 0, 0, 1, 0, 0, 0, 1, -2.9, 5.9, 0)

[node name="Left Leg Target" type="Node3D" parent="." index="8" unique_id=134990272]
transform = Transform3D(1, 0, 0, 0, 1, 0, 0, 0, 1, 0.90288013, 4.3260264, -0.6658995)

[node name="Right Leg Target" type="Node3D" parent="." index="9" unique_id=921146363]
transform = Transform3D(1, 0, 0, 0, 1, 0, 0, 0, 1, -0.90288013, 3.5527987, -0.43989608)

[node name="IdleHandMarker" type="Marker3D" parent="." index="10" unique_id=175815654]
unique_name_in_owner = true
transform = Transform3D(1, 0, 0, 0, 1, 0, 0, 0, 1, -2.917, 5.917, 0.055)

[node name="LegAnimPlayer" type="AnimationPlayer" parent="." index="11" unique_id=423592346]
deterministic = true
reset_on_save = false
libraries/ = SubResource("AnimationLibrary_3tbdo")
autoplay = &"Idle"

[node name="LegAnimTree" type="AnimationTree" parent="." index="12" unique_id=305721246]
tree_root = SubResource("AnimationNodeBlendTree_t3qha")
anim_player = NodePath("../LegAnimPlayer")
parameters/WalkSpeed/scale = 12.700000000000005
parameters/JumpBlend/blend_amount = 0.34
parameters/Blend2/blend_amount = 0.66

[node name="ArmAnimPlayer" type="AnimationPlayer" parent="." index="13" unique_id=37053031]
active = false
reset_on_save = false
libraries/ = SubResource("AnimationLibrary_ryliy")
