[gd_scene format=3 uid="uid://cmig72j5xmifs"]

[ext_resource type="PackedScene" uid="uid://blf4kexxwin27" path="res://Blender/Stoneman.blend" id="1_3tbdo"]
[ext_resource type="Script" uid="uid://d32gdxlmmha8o" path="res://Scripts/Player/stoneman.gd" id="2_t3qha"]

[sub_resource type="JointLimitationCone3D" id="JointLimitationCone3D_cd8uv"]
angle = 3.1415927

[sub_resource type="JointLimitationCone3D" id="JointLimitationCone3D_e2y4b"]
angle = 3.1415927

[sub_resource type="JointLimitationCone3D" id="JointLimitationCone3D_5lhmr"]
angle = 3.1415927

[sub_resource type="JointLimitationCone3D" id="JointLimitationCone3D_3eua4"]
angle = 3.1415927

[sub_resource type="JointLimitationCone3D" id="JointLimitationCone3D_7xxjt"]
angle = 3.1415927

[sub_resource type="JointLimitationCone3D" id="JointLimitationCone3D_yxj3v"]
angle = 3.1415927

[sub_resource type="Animation" id="Animation_e2y4b"]
resource_name = "Jump"
tracks/0/type = "value"
tracks/0/imported = false
tracks/0/enabled = true
tracks/0/path = NodePath("Left Leg Target:position")
tracks/0/interp = 1
tracks/0/loop_wrap = true
tracks/0/keys = {
"times": PackedFloat32Array(1),
"transitions": PackedFloat32Array(1),
"update": 0,
"values": [Vector3(1.368, 7.2406154, -0.7422786)]
}
tracks/1/type = "value"
tracks/1/imported = false
tracks/1/enabled = true
tracks/1/path = NodePath("Right Leg Target:position")
tracks/1/interp = 1
tracks/1/loop_wrap = true
tracks/1/keys = {
"times": PackedFloat32Array(1),
"transitions": PackedFloat32Array(1),
"update": 0,
"values": [Vector3(-1.368, 7.2406154, -0.7422786)]
}

[sub_resource type="Animation" id="Animation_ouye5"]
length = 0.001

[sub_resource type="Animation" id="Animation_ioqlf"]
resource_name = "Walk"
length = 2.0
loop_mode = 1
tracks/0/type = "value"
tracks/0/imported = false
tracks/0/enabled = true
tracks/0/path = NodePath("Left Leg Target:position")
tracks/0/interp = 1
tracks/0/loop_wrap = true
tracks/0/keys = {
"times": PackedFloat32Array(0, 1, 2),
"transitions": PackedFloat32Array(1, 1, 1),
"update": 0,
"values": [Vector3(1.368, 7, -2.046), Vector3(1.368, 0, 0), Vector3(1.368, 7, -2.046)]
}
tracks/1/type = "value"
tracks/1/imported = false
tracks/1/enabled = true
tracks/1/path = NodePath("Right Leg Target:position")
tracks/1/interp = 1
tracks/1/loop_wrap = true
tracks/1/keys = {
"times": PackedFloat32Array(0, 1, 2),
"transitions": PackedFloat32Array(1, 1, 1),
"update": 0,
"values": [Vector3(-1.368, 0, 0), Vector3(-1.368, 7, -2.046), Vector3(-1.368, 0, 0)]
}

[sub_resource type="AnimationLibrary" id="AnimationLibrary_3tbdo"]
_data = {
&"Jump": SubResource("Animation_e2y4b"),
&"RESET": SubResource("Animation_ouye5"),
&"Walk": SubResource("Animation_ioqlf")
}

[sub_resource type="AnimationNodeAnimation" id="AnimationNodeAnimation_e2y4b"]
animation = &"Walk"
advance_on_start = true

[sub_resource type="AnimationNodeAnimation" id="AnimationNodeAnimation_3eua4"]
animation = &"Jump"

[sub_resource type="AnimationNodeAnimation" id="AnimationNodeAnimation_7xxjt"]
animation = &"RESET"

[sub_resource type="AnimationNodeBlend2" id="AnimationNodeBlend2_3eua4"]
filter_enabled = true
filters = ["Left Leg Target:position", "Right Leg Target:position"]

[sub_resource type="AnimationNodeBlend2" id="AnimationNodeBlend2_7xxjt"]
filter_enabled = true
filters = ["Left Leg Target:position", "Right Leg Target:position"]

[sub_resource type="AnimationNodeTimeScale" id="AnimationNodeTimeScale_e2y4b"]

[sub_resource type="AnimationNodeBlendTree" id="AnimationNodeBlendTree_t3qha"]
graph_offset = Vector2(-147.95117, -77.68851)
nodes/output/position = Vector2(1160, -40)
nodes/WalkSpeed/node = SubResource("AnimationNodeTimeScale_e2y4b")
nodes/WalkSpeed/position = Vector2(620, 300)
"nodes/Animation 3/node" = SubResource("AnimationNodeAnimation_3eua4")
"nodes/Animation 3/position" = Vector2(620, 120)
"nodes/Animation 2/node" = SubResource("AnimationNodeAnimation_e2y4b")
"nodes/Animation 2/position" = Vector2(460, 300)
nodes/JumpBlend/node = SubResource("AnimationNodeBlend2_7xxjt")
nodes/JumpBlend/position = Vector2(820, 100)
nodes/Blend2/node = SubResource("AnimationNodeBlend2_3eua4")
nodes/Blend2/position = Vector2(1000, -60)
"nodes/Animation 4/node" = SubResource("AnimationNodeAnimation_7xxjt")
"nodes/Animation 4/position" = Vector2(440, -60)
node_connections = [&"output", 0, &"Blend2", &"WalkSpeed", 0, &"Animation 2", &"JumpBlend", 0, &"Animation 3", &"JumpBlend", 1, &"WalkSpeed", &"Blend2", 0, &"Animation 4", &"Blend2", 1, &"JumpBlend"]

[sub_resource type="Animation" id="Animation_3tbdo"]
resource_name = "Grab"
length = 2.0
loop_mode = 1
tracks/0/type = "value"
tracks/0/imported = false
tracks/0/enabled = true
tracks/0/path = NodePath("Right Arm Target:position")
tracks/0/interp = 1
tracks/0/loop_wrap = true
tracks/0/keys = {
"times": PackedFloat32Array(0),
"transitions": PackedFloat32Array(1),
"update": 0,
"values": [Vector3(0, 14.401913, 5.646963)]
}
tracks/1/type = "value"
tracks/1/imported = false
tracks/1/enabled = true
tracks/1/path = NodePath("Left Arm Target:position")
tracks/1/interp = 1
tracks/1/loop_wrap = true
tracks/1/keys = {
"times": PackedFloat32Array(0, 1, 2),
"transitions": PackedFloat32Array(1, 1, 1),
"update": 0,
"values": [Vector3(2.917, 5.917, 0.055), Vector3(2.917, 8.676, 0.055), Vector3(2.917, 5.917, 0.055)]
}
tracks/2/type = "value"
tracks/2/imported = false
tracks/2/enabled = true
tracks/2/path = NodePath("Right Arm Target:rotation")
tracks/2/interp = 1
tracks/2/loop_wrap = true
tracks/2/keys = {
"times": PackedFloat32Array(0),
"transitions": PackedFloat32Array(1),
"update": 0,
"values": [Vector3(0, 0, 0)]
}

[sub_resource type="Animation" id="Animation_5lhmr"]
resource_name = "Idle"
length = 2.0
loop_mode = 1
tracks/0/type = "value"
tracks/0/imported = false
tracks/0/enabled = true
tracks/0/path = NodePath("Right Arm Target:position")
tracks/0/interp = 1
tracks/0/loop_wrap = true
tracks/0/keys = {
"times": PackedFloat32Array(0, 1, 2),
"transitions": PackedFloat32Array(1, 1, 1),
"update": 0,
"values": [Vector3(-2.917, 5.917, 0.055), Vector3(-2.917, 8.676, 0.055), Vector3(-2.917, 5.917, 0.055)]
}
tracks/1/type = "value"
tracks/1/imported = false
tracks/1/enabled = true
tracks/1/path = NodePath("Left Arm Target:position")
tracks/1/interp = 1
tracks/1/loop_wrap = true
tracks/1/keys = {
"times": PackedFloat32Array(0, 1, 2),
"transitions": PackedFloat32Array(1, 1, 1),
"update": 0,
"values": [Vector3(2.917, 5.917, 0.055), Vector3(2.917, 8.676, 0.055), Vector3(2.917, 5.917, 0.055)]
}

[sub_resource type="Animation" id="Animation_t3qha"]
resource_name = "RESET"
length = 0.001
tracks/0/type = "value"
tracks/0/imported = false
tracks/0/enabled = true
tracks/0/path = NodePath("Right Arm Target:position")
tracks/0/interp = 1
tracks/0/loop_wrap = true
tracks/0/keys = {
"times": PackedFloat32Array(0),
"transitions": PackedFloat32Array(1),
"update": 0,
"values": [Vector3(-2.917, 5.917, 0.055)]
}
tracks/1/type = "value"
tracks/1/imported = false
tracks/1/enabled = true
tracks/1/path = NodePath("Left Arm Target:position")
tracks/1/interp = 1
tracks/1/loop_wrap = true
tracks/1/keys = {
"times": PackedFloat32Array(0),
"transitions": PackedFloat32Array(1),
"update": 0,
"values": [Vector3(2.917, 5.917, 0.055)]
}

[sub_resource type="AnimationLibrary" id="AnimationLibrary_ryliy"]
_data = {
&"Grab": SubResource("Animation_3tbdo"),
&"Idle": SubResource("Animation_5lhmr"),
&"RESET": SubResource("Animation_t3qha")
}

[node name="Stoneman" unique_id=316174631 instance=ExtResource("1_3tbdo")]
script = ExtResource("2_t3qha")

[node name="Head" parent="Armature/Skeleton3D" parent_id_path=PackedInt32Array(715983050) index="0" unique_id=825666401]
visible = false

[node name="Neck" parent="Armature/Skeleton3D" parent_id_path=PackedInt32Array(715983050) index="1" unique_id=1649545074]
visible = false

[node name="Hand_l" parent="Armature/Skeleton3D" parent_id_path=PackedInt32Array(715983050) index="2" unique_id=1438153977]
transform = Transform3D(-0.9973729, 0.037269346, -0.06211549, -0.040989026, -0.9973727, 0.05972644, -0.059726354, 0.062115584, 0.99628025, 2.7925897, -1.8649442, -0.81486577)

[node name="Lower Arm_l" parent="Armature/Skeleton3D" parent_id_path=PackedInt32Array(715983050) index="3" unique_id=151419221]
transform = Transform3D(-0.9973729, 0.037269346, -0.06211549, -0.040989026, -0.9973727, 0.05972644, -0.059726354, 0.062115584, 0.99628025, 2.6832213, 1.0618541, -0.99714446)

[node name="Upper Arm_l" parent="Armature/Skeleton3D" parent_id_path=PackedInt32Array(715983050) index="4" unique_id=197858438]
transform = Transform3D(-0.9301673, 0.3625368, -0.057929978, -0.3649997, -0.9301672, 0.03954729, -0.03954723, 0.057930026, 0.99753696, 1.3811173, 4.402683, -1.2052085)

[node name="Hand_r" parent="Armature/Skeleton3D" parent_id_path=PackedInt32Array(715983050) index="5" unique_id=1436059033]
transform = Transform3D(0.7825522, 0.60680085, 0.13929978, 0.27723825, -0.13930148, -0.95064896, -0.55745006, 0.7825519, -0.27723917, -0.32855594, 3.3763247, 4.5605817)

[node name="Lower Arm_r" parent="Armature/Skeleton3D" parent_id_path=PackedInt32Array(715983050) index="6" unique_id=649689457]
transform = Transform3D(0.7825522, 0.60680085, 0.13929978, 0.27723825, -0.13930148, -0.95064896, -0.55745006, 0.7825519, -0.27723917, -2.1092172, 3.785105, 2.2641776)

[node name="Upper Arm_r" parent="Armature/Skeleton3D" parent_id_path=PackedInt32Array(715983050) index="7" unique_id=243567570]
transform = Transform3D(0.96596026, -0.19327237, 0.17194821, 0.13919285, -0.1719487, -0.97522223, 0.21804984, 0.9659602, -0.1391935, -1.4150515, 4.402683, -1.2052085)

[node name="Foot_l" parent="Armature/Skeleton3D" parent_id_path=PackedInt32Array(715983050) index="9" unique_id=396274797]
transform = Transform3D(-7.624924e-05, 0.0013653021, -0.9999989, -0.68307465, -0.7303482, -0.0009450428, -0.7303636, 0.68308383, 0.0009886734, 1.5011706, -9.8875475, -1.5550318)

[node name="Lower Leg_l" parent="Armature/Skeleton3D" parent_id_path=PackedInt32Array(715983050) index="10" unique_id=1360580049]
transform = Transform3D(-0.0011700913, 0.030280028, -0.99954075, 0.21744359, -0.9756177, -0.029809833, -0.9760888, -0.21738544, -0.0054424554, 1.3470137, -4.92064, -0.44831413)

[node name="Upper Leg_l" parent="Armature/Skeleton3D" parent_id_path=PackedInt32Array(715983050) index="11" unique_id=1922271189]
transform = Transform3D(0.008008087, 0.0917005, -0.99575436, -0.08662348, -0.9919796, -0.092049494, -0.99622685, 0.086991295, -3.5762787e-07, 0.93789095, -0.4949112, -0.83642685)

[node name="Foot_r" parent="Armature/Skeleton3D" parent_id_path=PackedInt32Array(715983050) index="12" unique_id=279561999]
transform = Transform3D(-0.012654178, -0.01986211, -0.9997227, -0.083300024, -0.9963119, 0.02084772, -0.99645823, 0.08352513, 0.01095181, -1.5777866, -7.4376764, -2.3648758)

[node name="Lower Leg_r" parent="Armature/Skeleton3D" parent_id_path=PackedInt32Array(715983050) index="13" unique_id=265641217]
transform = Transform3D(0.009255283, -0.051210947, -0.9986451, 0.77548444, -0.6301382, 0.039499816, -0.6312992, -0.7748153, 0.033880476, -1.3170696, -4.2296185, 1.5797392)

[node name="Upper Leg_r" parent="Armature/Skeleton3D" parent_id_path=PackedInt32Array(715983050) index="14" unique_id=1692920147]
transform = Transform3D(-0.049850877, -0.07738271, -0.9957545, -0.53926814, -0.83709455, 0.092049435, -0.8406787, 0.54155767, -2.3841858e-07, -0.9718256, -0.4949112, -0.83642685)

[node name="Left Arm IK" type="CCDIK3D" parent="Armature/Skeleton3D" parent_id_path=PackedInt32Array(715983050) index="16" unique_id=149266175]
angular_delta_limit = 3.141592653589793
deterministic = true
setting_count = 1
settings/0/target_node = NodePath("../../../Left Arm Target")
settings/0/root_bone_name = "Upper Arm.l"
settings/0/root_bone = 4
settings/0/end_bone_name = "Hand.l"
settings/0/end_bone = 6
settings/0/extend_end_bone = false
settings/0/joint_count = 3
settings/0/joints/0/rotation_axis = 3
settings/0/joints/0/limitation = SubResource("JointLimitationCone3D_cd8uv")
settings/0/joints/0/limitation/right_axis = 0
settings/0/joints/0/limitation/rotation_offset = Quaternion(0, 0, 0, 1)
settings/0/joints/1/rotation_axis = 3
settings/0/joints/1/limitation = SubResource("JointLimitationCone3D_e2y4b")
settings/0/joints/1/limitation/right_axis = 0
settings/0/joints/1/limitation/rotation_offset = Quaternion(0, 0, 0, 1)
settings/0/joints/2/rotation_axis = 3
settings/0/joints/2/limitation = SubResource("JointLimitationCone3D_5lhmr")
settings/0/joints/2/limitation/right_axis = 0
settings/0/joints/2/limitation/rotation_offset = Quaternion(0, 0, 0, 1)

[node name="Right Arm IK" type="CCDIK3D" parent="Armature/Skeleton3D" parent_id_path=PackedInt32Array(715983050) index="17" unique_id=82663340]
transform = Transform3D(1, 0, 0, 0, 1, 0, 0, 0, 1, -9.420729, 0, 2.0080469)
angular_delta_limit = 3.141592653589793
deterministic = true
setting_count = 1
settings/0/target_node = NodePath("../../../Right Arm Target")
settings/0/root_bone_name = "Upper Arm.r"
settings/0/root_bone = 7
settings/0/end_bone_name = "Hand.r"
settings/0/end_bone = 9
settings/0/extend_end_bone = false
settings/0/joint_count = 3
settings/0/joints/0/rotation_axis = 3
settings/0/joints/0/limitation = SubResource("JointLimitationCone3D_3eua4")
settings/0/joints/0/limitation/right_axis = 0
settings/0/joints/0/limitation/rotation_offset = Quaternion(0, 0, 0, 1)
settings/0/joints/1/rotation_axis = 3
settings/0/joints/1/limitation = SubResource("JointLimitationCone3D_7xxjt")
settings/0/joints/1/limitation/right_axis = 0
settings/0/joints/1/limitation/rotation_offset = Quaternion(0, 0, 0, 1)
settings/0/joints/2/rotation_axis = 3
settings/0/joints/2/limitation = SubResource("JointLimitationCone3D_yxj3v")
settings/0/joints/2/limitation/right_axis = 0
settings/0/joints/2/limitation/rotation_offset = Quaternion(0, 0, 0, 1)

[node name="Left Leg IK" type="CCDIK3D" parent="Armature/Skeleton3D" parent_id_path=PackedInt32Array(715983050) index="18" unique_id=2137619909]
transform = Transform3D(1, 0, 0, 0, 1, 0, 0, 0, 1, 0, 0.37469006, -13.336575)
angular_delta_limit = 3.141592653589793
deterministic = true
setting_count = 1
settings/0/target_node = NodePath("../../../Left Leg Target")
settings/0/root_bone_name = "Upper Leg.l"
settings/0/root_bone = 10
settings/0/end_bone_name = "Foot.l"
settings/0/end_bone = 12
settings/0/extend_end_bone = false
settings/0/joint_count = 3
settings/0/joints/0/rotation_axis = 2
settings/0/joints/0/limitation = null
settings/0/joints/1/rotation_axis = 2
settings/0/joints/1/limitation = null
settings/0/joints/2/rotation_axis = 2
settings/0/joints/2/limitation = null

[node name="Right Leg IK" type="CCDIK3D" parent="Armature/Skeleton3D" parent_id_path=PackedInt32Array(715983050) index="19" unique_id=2007280711]
transform = Transform3D(1, 0, 0, 0, 1, 0, 0, 0, 1, 0, -1.3000927, 0)
angular_delta_limit = 3.141592653589793
deterministic = true
setting_count = 1
settings/0/target_node = NodePath("../../../Right Leg Target")
settings/0/root_bone_name = "Upper Leg.r"
settings/0/root_bone = 13
settings/0/end_bone_name = "Foot.r"
settings/0/end_bone = 15
settings/0/extend_end_bone = false
settings/0/joint_count = 3
settings/0/joints/0/rotation_axis = 2
settings/0/joints/0/limitation = null
settings/0/joints/1/rotation_axis = 2
settings/0/joints/1/limitation = null
settings/0/joints/2/rotation_axis = 2
settings/0/joints/2/limitation = null

[node name="Label3D" type="Label3D" parent="." index="4" unique_id=120455628]

[node name="Area3D" type="Area3D" parent="." index="5" unique_id=538554726]

[node name="Left Arm Target" type="Node3D" parent="." index="6" unique_id=471309025]
transform = Transform3D(1, 0, 0, 0, 1, 0, 0, 0, 1, 2.917, 5.917, 0.055)

[node name="Right Arm Target" type="Node3D" parent="." index="7" unique_id=617302750]
transform = Transform3D(1, 0, 0, 0, 1, 0, 0, 0, 1, 0, 14.401913, 5.646963)

[node name="Left Leg Target" type="Node3D" parent="." index="8" unique_id=134990272]
transform = Transform3D(1, 0, 0, 0, 1, 0, 0, 0, 1, 0.90288013, 3.4149258, -0.39959782)

[node name="Right Leg Target" type="Node3D" parent="." index="9" unique_id=921146363]
transform = Transform3D(1, 0, 0, 0, 1, 0, 0, 0, 1, -0.90288013, 4.463899, -0.70619774)

[node name="LegAnimPlayer" type="AnimationPlayer" parent="." index="10" unique_id=423592346]
deterministic = true
reset_on_save = false
libraries/ = SubResource("AnimationLibrary_3tbdo")
autoplay = &"Idle"

[node name="LegAnimTree" type="AnimationTree" parent="." index="11" unique_id=305721246]
tree_root = SubResource("AnimationNodeBlendTree_t3qha")
anim_player = NodePath("../LegAnimPlayer")
parameters/WalkSpeed/scale = 12.700000000000005
parameters/JumpBlend/blend_amount = 0.34
parameters/Blend2/blend_amount = 0.66

[node name="ArmAnimPlayer" type="AnimationPlayer" parent="." index="12" unique_id=37053031]
active = false
reset_on_save = false
libraries/ = SubResource("AnimationLibrary_ryliy")
