[gd_scene format=3 uid="uid://b84teosm4q1ef"]

[ext_resource type="PackedScene" uid="uid://blf4kexxwin27" path="res://Blender/Stoneman.blend" id="1_cd8uv"]
[ext_resource type="Script" uid="uid://d32gdxlmmha8o" path="res://Scripts/Player/stoneman.gd" id="2_e2y4b"]

[sub_resource type="JointLimitationCone3D" id="JointLimitationCone3D_cd8uv"]
angle = 3.1415927

[sub_resource type="JointLimitationCone3D" id="JointLimitationCone3D_e2y4b"]
angle = 3.1415927

[sub_resource type="JointLimitationCone3D" id="JointLimitationCone3D_5lhmr"]
angle = 3.1415927

[sub_resource type="JointLimitationCone3D" id="JointLimitationCone3D_3eua4"]
angle = 3.1415927

[sub_resource type="JointLimitationCone3D" id="JointLimitationCone3D_7xxjt"]
angle = 3.1415927

[sub_resource type="JointLimitationCone3D" id="JointLimitationCone3D_yxj3v"]
angle = 3.1415927

[sub_resource type="BoxShape3D" id="BoxShape3D_e2y4b"]
size = Vector3(4.3964844, 19.33667, 2.8902893)

[sub_resource type="Animation" id="Animation_e2y4b"]
resource_name = "Jump"
tracks/0/type = "value"
tracks/0/imported = false
tracks/0/enabled = true
tracks/0/path = NodePath("Left Leg Target:position")
tracks/0/interp = 1
tracks/0/loop_wrap = true
tracks/0/keys = {
"times": PackedFloat32Array(1),
"transitions": PackedFloat32Array(1),
"update": 0,
"values": [Vector3(1.368, 7.2406154, -0.7422786)]
}
tracks/1/type = "value"
tracks/1/imported = false
tracks/1/enabled = true
tracks/1/path = NodePath("Right Leg Target:position")
tracks/1/interp = 1
tracks/1/loop_wrap = true
tracks/1/keys = {
"times": PackedFloat32Array(1),
"transitions": PackedFloat32Array(1),
"update": 0,
"values": [Vector3(-1.368, 7.2406154, -0.7422786)]
}

[sub_resource type="Animation" id="Animation_ouye5"]
length = 0.001

[sub_resource type="Animation" id="Animation_ioqlf"]
resource_name = "Walk"
length = 2.0
loop_mode = 1
tracks/0/type = "value"
tracks/0/imported = false
tracks/0/enabled = true
tracks/0/path = NodePath("Left Leg Target:position")
tracks/0/interp = 1
tracks/0/loop_wrap = true
tracks/0/keys = {
"times": PackedFloat32Array(0, 1, 2),
"transitions": PackedFloat32Array(1, 1, 1),
"update": 0,
"values": [Vector3(1.368, 7, -2.046), Vector3(1.368, 0, 0), Vector3(1.368, 7, -2.046)]
}
tracks/1/type = "value"
tracks/1/imported = false
tracks/1/enabled = true
tracks/1/path = NodePath("Right Leg Target:position")
tracks/1/interp = 1
tracks/1/loop_wrap = true
tracks/1/keys = {
"times": PackedFloat32Array(0, 1, 2),
"transitions": PackedFloat32Array(1, 1, 1),
"update": 0,
"values": [Vector3(-1.368, 0, 0), Vector3(-1.368, 7, -2.046), Vector3(-1.368, 0, 0)]
}

[sub_resource type="AnimationLibrary" id="AnimationLibrary_e2y4b"]
_data = {
&"Jump": SubResource("Animation_e2y4b"),
&"RESET": SubResource("Animation_ouye5"),
&"Walk": SubResource("Animation_ioqlf")
}

[sub_resource type="AnimationNodeAnimation" id="AnimationNodeAnimation_e2y4b"]
animation = &"Walk"
advance_on_start = true

[sub_resource type="AnimationNodeAnimation" id="AnimationNodeAnimation_3eua4"]
animation = &"Jump"

[sub_resource type="AnimationNodeAnimation" id="AnimationNodeAnimation_7xxjt"]
animation = &"RESET"

[sub_resource type="AnimationNodeBlend2" id="AnimationNodeBlend2_3eua4"]
filter_enabled = true
filters = ["Left Leg Target:position", "Right Leg Target:position"]

[sub_resource type="AnimationNodeBlend2" id="AnimationNodeBlend2_7xxjt"]
filter_enabled = true
filters = ["Left Leg Target:position", "Right Leg Target:position"]

[sub_resource type="AnimationNodeTimeScale" id="AnimationNodeTimeScale_e2y4b"]

[sub_resource type="AnimationNodeBlendTree" id="AnimationNodeBlendTree_7xxjt"]
graph_offset = Vector2(-20.947327, -134.47708)
nodes/output/position = Vector2(1160, -40)
nodes/WalkSpeed/node = SubResource("AnimationNodeTimeScale_e2y4b")
nodes/WalkSpeed/position = Vector2(620, 300)
"nodes/Animation 3/node" = SubResource("AnimationNodeAnimation_3eua4")
"nodes/Animation 3/position" = Vector2(620, 120)
"nodes/Animation 2/node" = SubResource("AnimationNodeAnimation_e2y4b")
"nodes/Animation 2/position" = Vector2(460, 300)
nodes/JumpBlend/node = SubResource("AnimationNodeBlend2_7xxjt")
nodes/JumpBlend/position = Vector2(820, 100)
nodes/Blend2/node = SubResource("AnimationNodeBlend2_3eua4")
nodes/Blend2/position = Vector2(1000, -60)
"nodes/Animation 4/node" = SubResource("AnimationNodeAnimation_7xxjt")
"nodes/Animation 4/position" = Vector2(440, -60)
node_connections = [&"output", 0, &"Blend2", &"WalkSpeed", 0, &"Animation 2", &"JumpBlend", 0, &"Animation 3", &"JumpBlend", 1, &"WalkSpeed", &"Blend2", 0, &"Animation 4", &"Blend2", 1, &"JumpBlend"]

[sub_resource type="Animation" id="Animation_5lhmr"]
resource_name = "Idle"
length = 2.0
loop_mode = 1
tracks/0/type = "value"
tracks/0/imported = false
tracks/0/enabled = true
tracks/0/path = NodePath("Right Arm Target:position")
tracks/0/interp = 1
tracks/0/loop_wrap = true
tracks/0/keys = {
"times": PackedFloat32Array(0, 1, 2),
"transitions": PackedFloat32Array(1, 1, 1),
"update": 0,
"values": [Vector3(-2.917, 5.917, 0.055), Vector3(-2.917, 8.676, 0.055), Vector3(-2.917, 5.917, 0.055)]
}
tracks/1/type = "value"
tracks/1/imported = false
tracks/1/enabled = true
tracks/1/path = NodePath("Left Arm Target:position")
tracks/1/interp = 1
tracks/1/loop_wrap = true
tracks/1/keys = {
"times": PackedFloat32Array(0, 1, 2),
"transitions": PackedFloat32Array(1, 1, 1),
"update": 0,
"values": [Vector3(2.917, 5.917, 0.055), Vector3(2.917, 8.676, 0.055), Vector3(2.917, 5.917, 0.055)]
}

[sub_resource type="Animation" id="Animation_3eua4"]
length = 0.001
tracks/0/type = "value"
tracks/0/imported = false
tracks/0/enabled = true
tracks/0/path = NodePath("Right Arm Target:position")
tracks/0/interp = 1
tracks/0/loop_wrap = true
tracks/0/keys = {
"times": PackedFloat32Array(0),
"transitions": PackedFloat32Array(1),
"update": 0,
"values": [Vector3(0, 0, 0)]
}
tracks/1/type = "value"
tracks/1/imported = false
tracks/1/enabled = true
tracks/1/path = NodePath("Left Arm Target:position")
tracks/1/interp = 1
tracks/1/loop_wrap = true
tracks/1/keys = {
"times": PackedFloat32Array(0),
"transitions": PackedFloat32Array(1),
"update": 0,
"values": [Vector3(0, 0, 0)]
}

[sub_resource type="AnimationLibrary" id="AnimationLibrary_7xxjt"]
_data = {
&"Idle": SubResource("Animation_5lhmr"),
&"RESET": SubResource("Animation_3eua4")
}

[sub_resource type="AnimationNodeAnimation" id="AnimationNodeAnimation_5lhmr"]
animation = &"Idle"

[sub_resource type="AnimationNodeBlendTree" id="AnimationNodeBlendTree_3eua4"]
nodes/output/position = Vector2(920, 360)
nodes/Animation/node = SubResource("AnimationNodeAnimation_5lhmr")
nodes/Animation/position = Vector2(600, 360)
node_connections = [&"output", 0, &"Animation"]

[node name="Stoneman" unique_id=316174631 instance=ExtResource("1_cd8uv")]
script = ExtResource("2_e2y4b")

[node name="Head" parent="Armature/Skeleton3D" parent_id_path=PackedInt32Array(111352344) index="0" unique_id=1010674459]
visible = false

[node name="Neck" parent="Armature/Skeleton3D" parent_id_path=PackedInt32Array(111352344) index="1" unique_id=1182764199]
visible = false

[node name="Hand_l" parent="Armature/Skeleton3D" parent_id_path=PackedInt32Array(111352344) index="2" unique_id=1665941007]
transform = Transform3D(-0.9943361, -0.06774513, -0.0818921, 0.060551416, -0.99433607, 0.087345526, -0.087345526, 0.081892125, 0.9928063, 3.0014362, -1.6016433, -0.7107004)

[node name="Lower Arm_l" parent="Armature/Skeleton3D" parent_id_path=PackedInt32Array(111352344) index="3" unique_id=1161562038]
transform = Transform3D(-0.9943361, -0.06774513, -0.0818921, 0.060551416, -0.99433607, 0.087345526, -0.087345526, 0.081892125, 0.9928063, 3.200234, 1.3162441, -0.9510135)

[node name="Upper Arm_l" parent="Armature/Skeleton3D" parent_id_path=PackedInt32Array(111352344) index="4" unique_id=755652617]
transform = Transform3D(-0.859339, 0.5064856, -0.070773944, -0.50981057, -0.85933894, 0.040371366, -0.040371295, 0.070774, 0.9966751, 1.3811173, 4.402683, -1.2052085)

[node name="Hand_r" parent="Armature/Skeleton3D" parent_id_path=PackedInt32Array(111352344) index="5" unique_id=238697896]
transform = Transform3D(0.08186261, 0.07290265, 0.99397355, 0.08776737, -0.9939733, 0.065674126, 0.9927713, 0.08186222, -0.08776775, -3.0082688, -1.6075516, -0.71021354)

[node name="Lower Arm_r" parent="Armature/Skeleton3D" parent_id_path=PackedInt32Array(111352344) index="6" unique_id=466613719]
transform = Transform3D(0.08186261, 0.07290265, 0.99397355, 0.08776737, -0.9939733, 0.065674126, 0.9927713, 0.08186222, -0.08776775, -3.2222013, 1.3092699, -0.95043886)

[node name="Upper Arm_r" parent="Armature/Skeleton3D" parent_id_path=PackedInt32Array(111352344) index="7" unique_id=716232589]
transform = Transform3D(0.07093422, -0.5031537, 0.8612807, 0.04064379, -0.86128044, -0.506501, 0.99665236, 0.07093399, -0.04064419, -1.4150515, 4.402683, -1.2052085)

[node name="Foot_l" parent="Armature/Skeleton3D" parent_id_path=PackedInt32Array(111352344) index="9" unique_id=457221350]
transform = Transform3D(0.00044841692, -0.0006740857, -0.99999964, -0.840671, -0.54154617, -1.1930242e-05, -0.5415555, 0.8406859, -0.00080951944, 1.4990752, -10.024387, -0.6970837)

[node name="Lower Leg_l" parent="Armature/Skeleton3D" parent_id_path=PackedInt32Array(111352344) index="10" unique_id=1402989357]
transform = Transform3D(0.00080959674, 0.029562581, -0.9995627, -0.02735854, -0.9991881, -0.029573672, -0.9996432, 0.027371006, -1.3213392e-07, 1.3485708, -4.937482, -0.83643055)

[node name="Foot_r" parent="Armature/Skeleton3D" parent_id_path=PackedInt32Array(111352344) index="12" unique_id=1588531440]
transform = Transform3D(-0.00044823624, 0.00067417324, -0.9999997, -0.8406736, -0.54154235, 1.1736527e-05, -0.54155177, 0.8406885, 0.00080946996, -1.5330096, -10.024387, -0.6970416)

[node name="Lower Leg_r" parent="Armature/Skeleton3D" parent_id_path=PackedInt32Array(111352344) index="13" unique_id=938822076]
transform = Transform3D(-0.00080986286, -0.029562589, -0.9995627, -0.027365357, -0.999188, 0.029573686, -0.9996431, 0.027377827, 1.7229473e-07, -1.3825054, -4.937482, -0.83642316)

[node name="Left Arm IK" type="CCDIK3D" parent="Armature/Skeleton3D" parent_id_path=PackedInt32Array(111352344) index="16" unique_id=149266175]
angular_delta_limit = 3.141592653589793
deterministic = true
setting_count = 1
settings/0/target_node = NodePath("../../../Left Arm Target")
settings/0/root_bone_name = "Upper Arm.l"
settings/0/root_bone = 4
settings/0/end_bone_name = "Hand.l"
settings/0/end_bone = 6
settings/0/extend_end_bone = false
settings/0/joint_count = 3
settings/0/joints/0/rotation_axis = 3
settings/0/joints/0/limitation = SubResource("JointLimitationCone3D_cd8uv")
settings/0/joints/0/limitation/right_axis = 0
settings/0/joints/0/limitation/rotation_offset = Quaternion(0, 0, 0, 1)
settings/0/joints/1/rotation_axis = 3
settings/0/joints/1/limitation = SubResource("JointLimitationCone3D_e2y4b")
settings/0/joints/1/limitation/right_axis = 0
settings/0/joints/1/limitation/rotation_offset = Quaternion(0, 0, 0, 1)
settings/0/joints/2/rotation_axis = 3
settings/0/joints/2/limitation = SubResource("JointLimitationCone3D_5lhmr")
settings/0/joints/2/limitation/right_axis = 0
settings/0/joints/2/limitation/rotation_offset = Quaternion(0, 0, 0, 1)

[node name="Right Arm IK" type="CCDIK3D" parent="Armature/Skeleton3D" parent_id_path=PackedInt32Array(111352344) index="17" unique_id=82663340]
transform = Transform3D(1, 0, 0, 0, 1, 0, 0, 0, 1, -9.420729, 0, 2.0080469)
angular_delta_limit = 3.141592653589793
deterministic = true
setting_count = 1
settings/0/target_node = NodePath("../../../Right Arm Target")
settings/0/root_bone_name = "Upper Arm.r"
settings/0/root_bone = 7
settings/0/end_bone_name = "Hand.r"
settings/0/end_bone = 9
settings/0/extend_end_bone = false
settings/0/joint_count = 3
settings/0/joints/0/rotation_axis = 3
settings/0/joints/0/limitation = SubResource("JointLimitationCone3D_3eua4")
settings/0/joints/0/limitation/right_axis = 0
settings/0/joints/0/limitation/rotation_offset = Quaternion(0, 0, 0, 1)
settings/0/joints/1/rotation_axis = 3
settings/0/joints/1/limitation = SubResource("JointLimitationCone3D_7xxjt")
settings/0/joints/1/limitation/right_axis = 0
settings/0/joints/1/limitation/rotation_offset = Quaternion(0, 0, 0, 1)
settings/0/joints/2/rotation_axis = 3
settings/0/joints/2/limitation = SubResource("JointLimitationCone3D_yxj3v")
settings/0/joints/2/limitation/right_axis = 0
settings/0/joints/2/limitation/rotation_offset = Quaternion(0, 0, 0, 1)

[node name="Left Leg IK" type="CCDIK3D" parent="Armature/Skeleton3D" parent_id_path=PackedInt32Array(111352344) index="18" unique_id=2137619909]
transform = Transform3D(1, 0, 0, 0, 1, 0, 0, 0, 1, 0, 0.37469006, -13.336575)
angular_delta_limit = 3.141592653589793
deterministic = true
setting_count = 1
settings/0/target_node = NodePath("../../../Left Leg Target")
settings/0/root_bone_name = "Upper Leg.l"
settings/0/root_bone = 10
settings/0/end_bone_name = "Foot.l"
settings/0/end_bone = 12
settings/0/extend_end_bone = false
settings/0/joint_count = 3
settings/0/joints/0/rotation_axis = 2
settings/0/joints/0/limitation = null
settings/0/joints/1/rotation_axis = 2
settings/0/joints/1/limitation = null
settings/0/joints/2/rotation_axis = 2
settings/0/joints/2/limitation = null

[node name="Right Leg IK" type="CCDIK3D" parent="Armature/Skeleton3D" parent_id_path=PackedInt32Array(111352344) index="19" unique_id=2007280711]
transform = Transform3D(1, 0, 0, 0, 1, 0, 0, 0, 1, 0, -1.3000927, 0)
angular_delta_limit = 3.141592653589793
deterministic = true
setting_count = 1
settings/0/target_node = NodePath("../../../Right Leg Target")
settings/0/root_bone_name = "Upper Leg.r"
settings/0/root_bone = 13
settings/0/end_bone_name = "Foot.r"
settings/0/end_bone = 15
settings/0/extend_end_bone = false
settings/0/joint_count = 3
settings/0/joints/0/rotation_axis = 2
settings/0/joints/0/limitation = null
settings/0/joints/1/rotation_axis = 2
settings/0/joints/1/limitation = null
settings/0/joints/2/rotation_axis = 2
settings/0/joints/2/limitation = null

[node name="Label3D" type="Label3D" parent="." index="4" unique_id=120455628]

[node name="Area3D" type="Area3D" parent="." index="5" unique_id=538554726]

[node name="CollisionShape3D" type="CollisionShape3D" parent="Area3D" index="0" unique_id=707522107]
transform = Transform3D(1, 0, 0, 0, 1, 0, 0, 0, 1, 0.036254883, 9.679023, -0.40126038)
shape = SubResource("BoxShape3D_e2y4b")

[node name="Left Arm Target" type="Node3D" parent="." index="6" unique_id=471309025]

[node name="Right Arm Target" type="Node3D" parent="." index="7" unique_id=617302750]

[node name="Left Leg Target" type="Node3D" parent="." index="8" unique_id=134990272]
transform = Transform3D(1, 0, 0, 0, 1, 0, 0, 0, 1, 1.368, 7.2406154, -0.7422786)

[node name="Right Leg Target" type="Node3D" parent="." index="9" unique_id=921146363]
transform = Transform3D(1, 0, 0, 0, 1, 0, 0, 0, 1, -1.368, 7.2406154, -0.7422786)

[node name="LegAnimPlayer" type="AnimationPlayer" parent="." index="10" unique_id=899165183]
deterministic = true
reset_on_save = false
libraries/ = SubResource("AnimationLibrary_e2y4b")
autoplay = &"Idle"

[node name="LegAnimTree" type="AnimationTree" parent="." index="11" unique_id=986325006]
tree_root = SubResource("AnimationNodeBlendTree_7xxjt")
anim_player = NodePath("../LegAnimPlayer")
parameters/WalkSpeed/scale = 11.9
parameters/JumpBlend/blend_amount = 1.0
parameters/Blend2/blend_amount = 0.0

[node name="ArmAnimPlayer" type="AnimationPlayer" parent="." index="12" unique_id=395723744]
deterministic = true
libraries/ = SubResource("AnimationLibrary_7xxjt")

[node name="ArmAnimTree" type="AnimationTree" parent="." index="13" unique_id=1476475172]
tree_root = SubResource("AnimationNodeBlendTree_3eua4")
anim_player = NodePath("../ArmAnimPlayer")
