[gd_scene format=3 uid="uid://cmig72j5xmifs"]

[ext_resource type="PackedScene" uid="uid://blf4kexxwin27" path="res://Blender/Stoneman.blend" id="1_3tbdo"]
[ext_resource type="Script" uid="uid://d32gdxlmmha8o" path="res://Scripts/Player/stoneman.gd" id="2_t3qha"]

[sub_resource type="JointLimitationCone3D" id="JointLimitationCone3D_cd8uv"]
angle = 3.1415927

[sub_resource type="JointLimitationCone3D" id="JointLimitationCone3D_e2y4b"]
angle = 3.1415927

[sub_resource type="JointLimitationCone3D" id="JointLimitationCone3D_5lhmr"]
angle = 3.1415927

[sub_resource type="JointLimitationCone3D" id="JointLimitationCone3D_3eua4"]
angle = 3.1415927

[sub_resource type="JointLimitationCone3D" id="JointLimitationCone3D_7xxjt"]
angle = 3.1415927

[sub_resource type="JointLimitationCone3D" id="JointLimitationCone3D_yxj3v"]
angle = 3.1415927

[sub_resource type="Animation" id="Animation_e2y4b"]
resource_name = "Jump"
tracks/0/type = "value"
tracks/0/imported = false
tracks/0/enabled = true
tracks/0/path = NodePath("Left Leg Target:position")
tracks/0/interp = 1
tracks/0/loop_wrap = true
tracks/0/keys = {
"times": PackedFloat32Array(1),
"transitions": PackedFloat32Array(1),
"update": 0,
"values": [Vector3(1.368, 7.2406154, -0.7422786)]
}
tracks/1/type = "value"
tracks/1/imported = false
tracks/1/enabled = true
tracks/1/path = NodePath("Right Leg Target:position")
tracks/1/interp = 1
tracks/1/loop_wrap = true
tracks/1/keys = {
"times": PackedFloat32Array(1),
"transitions": PackedFloat32Array(1),
"update": 0,
"values": [Vector3(-1.368, 7.2406154, -0.7422786)]
}

[sub_resource type="Animation" id="Animation_ouye5"]
length = 0.001

[sub_resource type="Animation" id="Animation_ioqlf"]
resource_name = "Walk"
length = 2.0
loop_mode = 1
tracks/0/type = "value"
tracks/0/imported = false
tracks/0/enabled = true
tracks/0/path = NodePath("Left Leg Target:position")
tracks/0/interp = 1
tracks/0/loop_wrap = true
tracks/0/keys = {
"times": PackedFloat32Array(0, 1, 2),
"transitions": PackedFloat32Array(1, 1, 1),
"update": 0,
"values": [Vector3(1.368, 7, -2.046), Vector3(1.368, 0, 0), Vector3(1.368, 7, -2.046)]
}
tracks/1/type = "value"
tracks/1/imported = false
tracks/1/enabled = true
tracks/1/path = NodePath("Right Leg Target:position")
tracks/1/interp = 1
tracks/1/loop_wrap = true
tracks/1/keys = {
"times": PackedFloat32Array(0, 1, 2),
"transitions": PackedFloat32Array(1, 1, 1),
"update": 0,
"values": [Vector3(-1.368, 0, 0), Vector3(-1.368, 7, -2.046), Vector3(-1.368, 0, 0)]
}

[sub_resource type="AnimationLibrary" id="AnimationLibrary_3tbdo"]
_data = {
&"Jump": SubResource("Animation_e2y4b"),
&"RESET": SubResource("Animation_ouye5"),
&"Walk": SubResource("Animation_ioqlf")
}

[sub_resource type="AnimationNodeAnimation" id="AnimationNodeAnimation_e2y4b"]
animation = &"Walk"
advance_on_start = true

[sub_resource type="AnimationNodeAnimation" id="AnimationNodeAnimation_3eua4"]
animation = &"Jump"

[sub_resource type="AnimationNodeAnimation" id="AnimationNodeAnimation_7xxjt"]
animation = &"RESET"

[sub_resource type="AnimationNodeBlend2" id="AnimationNodeBlend2_3eua4"]
filter_enabled = true
filters = ["Left Leg Target:position", "Right Leg Target:position"]

[sub_resource type="AnimationNodeBlend2" id="AnimationNodeBlend2_7xxjt"]
filter_enabled = true
filters = ["Left Leg Target:position", "Right Leg Target:position"]

[sub_resource type="AnimationNodeTimeScale" id="AnimationNodeTimeScale_e2y4b"]

[sub_resource type="AnimationNodeBlendTree" id="AnimationNodeBlendTree_t3qha"]
graph_offset = Vector2(-201.62012, -202.06769)
nodes/output/position = Vector2(1160, -40)
nodes/WalkSpeed/node = SubResource("AnimationNodeTimeScale_e2y4b")
nodes/WalkSpeed/position = Vector2(620, 300)
"nodes/Animation 3/node" = SubResource("AnimationNodeAnimation_3eua4")
"nodes/Animation 3/position" = Vector2(620, 120)
"nodes/Animation 2/node" = SubResource("AnimationNodeAnimation_e2y4b")
"nodes/Animation 2/position" = Vector2(460, 300)
nodes/JumpBlend/node = SubResource("AnimationNodeBlend2_7xxjt")
nodes/JumpBlend/position = Vector2(820, 100)
nodes/Blend2/node = SubResource("AnimationNodeBlend2_3eua4")
nodes/Blend2/position = Vector2(1000, -60)
"nodes/Animation 4/node" = SubResource("AnimationNodeAnimation_7xxjt")
"nodes/Animation 4/position" = Vector2(440, -60)
node_connections = [&"output", 0, &"Blend2", &"WalkSpeed", 0, &"Animation 2", &"JumpBlend", 0, &"Animation 3", &"JumpBlend", 1, &"WalkSpeed", &"Blend2", 0, &"Animation 4", &"Blend2", 1, &"JumpBlend"]

[sub_resource type="Animation" id="Animation_5lhmr"]
resource_name = "Idle"
length = 2.0
loop_mode = 1
tracks/0/type = "value"
tracks/0/imported = false
tracks/0/enabled = true
tracks/0/path = NodePath("Right Arm Target:position")
tracks/0/interp = 1
tracks/0/loop_wrap = true
tracks/0/keys = {
"times": PackedFloat32Array(0, 1, 2),
"transitions": PackedFloat32Array(1, 1, 1),
"update": 0,
"values": [Vector3(-2.917, 5.917, 0.055), Vector3(-2.917, 8.676, 0.055), Vector3(-2.917, 5.917, 0.055)]
}
tracks/1/type = "value"
tracks/1/imported = false
tracks/1/enabled = true
tracks/1/path = NodePath("Left Arm Target:position")
tracks/1/interp = 1
tracks/1/loop_wrap = true
tracks/1/keys = {
"times": PackedFloat32Array(0, 1, 2),
"transitions": PackedFloat32Array(1, 1, 1),
"update": 0,
"values": [Vector3(2.917, 5.917, 0.055), Vector3(2.917, 8.676, 0.055), Vector3(2.917, 5.917, 0.055)]
}

[sub_resource type="Animation" id="Animation_3eua4"]
length = 0.001
tracks/0/type = "value"
tracks/0/imported = false
tracks/0/enabled = true
tracks/0/path = NodePath("Right Arm Target:position")
tracks/0/interp = 1
tracks/0/loop_wrap = true
tracks/0/keys = {
"times": PackedFloat32Array(0),
"transitions": PackedFloat32Array(1),
"update": 0,
"values": [Vector3(0, 0, 0)]
}
tracks/1/type = "value"
tracks/1/imported = false
tracks/1/enabled = true
tracks/1/path = NodePath("Left Arm Target:position")
tracks/1/interp = 1
tracks/1/loop_wrap = true
tracks/1/keys = {
"times": PackedFloat32Array(0),
"transitions": PackedFloat32Array(1),
"update": 0,
"values": [Vector3(0, 0, 0)]
}

[sub_resource type="AnimationLibrary" id="AnimationLibrary_ryliy"]
_data = {
&"Idle": SubResource("Animation_5lhmr"),
&"RESET": SubResource("Animation_3eua4")
}

[sub_resource type="AnimationNodeAnimation" id="AnimationNodeAnimation_5lhmr"]
animation = &"Idle"

[sub_resource type="AnimationNodeBlendTree" id="AnimationNodeBlendTree_q4fo0"]
nodes/output/position = Vector2(920, 360)
nodes/Animation/node = SubResource("AnimationNodeAnimation_5lhmr")
nodes/Animation/position = Vector2(600, 360)
node_connections = [&"output", 0, &"Animation"]

[node name="Stoneman" unique_id=316174631 instance=ExtResource("1_3tbdo")]
script = ExtResource("2_t3qha")

[node name="Head" parent="Armature/Skeleton3D" parent_id_path=PackedInt32Array(1923546427) index="0" unique_id=1535699202]
visible = false

[node name="Neck" parent="Armature/Skeleton3D" parent_id_path=PackedInt32Array(1923546427) index="1" unique_id=825952702]
visible = false

[node name="Hand_l" parent="Armature/Skeleton3D" parent_id_path=PackedInt32Array(1923546427) index="2" unique_id=1445662308]
transform = Transform3D(-0.9972691, -0.009170953, -0.07328106, 0.003751074, -0.99726886, 0.07375741, -0.07375738, 0.073281094, 0.99458015, 2.9348402, -1.7402735, -0.753813)

[node name="Lower Arm_l" parent="Armature/Skeleton3D" parent_id_path=PackedInt32Array(1923546427) index="3" unique_id=286529673]
transform = Transform3D(-0.9972691, -0.009170953, -0.07328106, 0.003751074, -0.99726886, 0.07375741, -0.07375738, 0.073281094, 0.99458015, 2.9617515, 1.1862202, -0.968857)

[node name="Upper Arm_l" parent="Armature/Skeleton3D" parent_id_path=PackedInt32Array(1923546427) index="4" unique_id=438573251]
transform = Transform3D(-0.89554083, 0.44008633, -0.0658059, -0.4430934, -0.8955407, 0.04092251, -0.040922448, 0.06580594, 0.99699295, 1.3811173, 4.402683, -1.2052085)

[node name="Hand_r" parent="Armature/Skeleton3D" parent_id_path=PackedInt32Array(1923546427) index="5" unique_id=760919418]
transform = Transform3D(0.07327768, 0.013550639, 0.9972194, 0.07407746, -0.99721926, 0.008107275, 0.99455655, 0.07327741, -0.07407777, -2.9442453, -1.7458091, -0.753406)

[node name="Lower Arm_r" parent="Armature/Skeleton3D" parent_id_path=PackedInt32Array(1923546427) index="6" unique_id=1461569639]
transform = Transform3D(0.07327768, 0.013550639, 0.9972194, 0.07407746, -0.99721926, 0.008107275, 0.99455655, 0.07327741, -0.07407777, -2.984009, 1.1805377, -0.9684391)

[node name="Upper Arm_r" parent="Armature/Skeleton3D" parent_id_path=PackedInt32Array(1923546427) index="7" unique_id=1981717215]
transform = Transform3D(0.065922424, -0.4368352, 0.8971227, 0.041160084, -0.89712256, -0.4398597, 0.99697536, 0.06592229, -0.041160367, -1.4150515, 4.402683, -1.2052085)

[node name="Foot_l" parent="Armature/Skeleton3D" parent_id_path=PackedInt32Array(1923546427) index="9" unique_id=2122487475]
transform = Transform3D(0.0009081252, 0.0031006634, -0.99999475, -0.5480668, -0.8364295, -0.0030911323, -0.83645195, 0.54807115, 0.00094032753, 1.5062045, -9.580517, -2.039598)

[node name="Lower Leg_l" parent="Armature/Skeleton3D" parent_id_path=PackedInt32Array(1923546427) index="10" unique_id=1422766314]
transform = Transform3D(-0.0020471774, 0.0320711, -0.9994835, 0.38120872, -0.9239885, -0.030429363, -0.92450064, -0.381086, -0.010334024, 1.3429291, -4.876456, -0.09947455)

[node name="Upper Leg_l" parent="Armature/Skeleton3D" parent_id_path=PackedInt32Array(1923546427) index="11" unique_id=1321720886]
transform = Transform3D(0.015205357, 0.09078498, -0.9957544, -0.16448155, -0.98207617, -0.09204948, -0.9862811, 0.16517994, -3.5762787e-07, 0.93789095, -0.4949112, -0.83642685)

[node name="Foot_r" parent="Armature/Skeleton3D" parent_id_path=PackedInt32Array(1923546427) index="12" unique_id=2100352390]
transform = Transform3D(-0.0015875045, -0.0041442662, -0.99999017, -0.48637602, -0.87373954, 0.0043930393, -0.87376684, 0.48638004, -0.00062918756, -1.543236, -9.398508, -2.2128716)

[node name="Lower Leg_r" parent="Armature/Skeleton3D" parent_id_path=PackedInt32Array(1923546427) index="13" unique_id=1629609369]
transform = Transform3D(0.0025250055, -0.033220477, -0.99944496, 0.44682243, -0.89409155, 0.030847363, -0.89463145, -0.44666597, 0.0125858905, -1.3741093, -4.846654, 0.06112212)

[node name="Upper Leg_r" parent="Armature/Skeleton3D" parent_id_path=PackedInt32Array(1923546427) index="14" unique_id=211115839]
transform = Transform3D(-0.018518183, -0.09016754, -0.9957545, -0.20032547, -0.9753964, 0.09204941, -0.97957265, 0.20117596, -2.3841858e-07, -0.9718256, -0.4949112, -0.83642685)

[node name="Left Arm IK" type="CCDIK3D" parent="Armature/Skeleton3D" parent_id_path=PackedInt32Array(1923546427) index="16" unique_id=149266175]
angular_delta_limit = 3.141592653589793
deterministic = true
setting_count = 1
settings/0/target_node = NodePath("../../../Left Arm Target")
settings/0/root_bone_name = "Upper Arm.l"
settings/0/root_bone = 4
settings/0/end_bone_name = "Hand.l"
settings/0/end_bone = 6
settings/0/extend_end_bone = false
settings/0/joint_count = 3
settings/0/joints/0/rotation_axis = 3
settings/0/joints/0/limitation = SubResource("JointLimitationCone3D_cd8uv")
settings/0/joints/0/limitation/right_axis = 0
settings/0/joints/0/limitation/rotation_offset = Quaternion(0, 0, 0, 1)
settings/0/joints/1/rotation_axis = 3
settings/0/joints/1/limitation = SubResource("JointLimitationCone3D_e2y4b")
settings/0/joints/1/limitation/right_axis = 0
settings/0/joints/1/limitation/rotation_offset = Quaternion(0, 0, 0, 1)
settings/0/joints/2/rotation_axis = 3
settings/0/joints/2/limitation = SubResource("JointLimitationCone3D_5lhmr")
settings/0/joints/2/limitation/right_axis = 0
settings/0/joints/2/limitation/rotation_offset = Quaternion(0, 0, 0, 1)

[node name="Right Arm IK" type="CCDIK3D" parent="Armature/Skeleton3D" parent_id_path=PackedInt32Array(1923546427) index="17" unique_id=82663340]
transform = Transform3D(1, 0, 0, 0, 1, 0, 0, 0, 1, -9.420729, 0, 2.0080469)
angular_delta_limit = 3.141592653589793
deterministic = true
setting_count = 1
settings/0/target_node = NodePath("../../../Right Arm Target")
settings/0/root_bone_name = "Upper Arm.r"
settings/0/root_bone = 7
settings/0/end_bone_name = "Hand.r"
settings/0/end_bone = 9
settings/0/extend_end_bone = false
settings/0/joint_count = 3
settings/0/joints/0/rotation_axis = 3
settings/0/joints/0/limitation = SubResource("JointLimitationCone3D_3eua4")
settings/0/joints/0/limitation/right_axis = 0
settings/0/joints/0/limitation/rotation_offset = Quaternion(0, 0, 0, 1)
settings/0/joints/1/rotation_axis = 3
settings/0/joints/1/limitation = SubResource("JointLimitationCone3D_7xxjt")
settings/0/joints/1/limitation/right_axis = 0
settings/0/joints/1/limitation/rotation_offset = Quaternion(0, 0, 0, 1)
settings/0/joints/2/rotation_axis = 3
settings/0/joints/2/limitation = SubResource("JointLimitationCone3D_yxj3v")
settings/0/joints/2/limitation/right_axis = 0
settings/0/joints/2/limitation/rotation_offset = Quaternion(0, 0, 0, 1)

[node name="Left Leg IK" type="CCDIK3D" parent="Armature/Skeleton3D" parent_id_path=PackedInt32Array(1923546427) index="18" unique_id=2137619909]
transform = Transform3D(1, 0, 0, 0, 1, 0, 0, 0, 1, 0, 0.37469006, -13.336575)
angular_delta_limit = 3.141592653589793
deterministic = true
setting_count = 1
settings/0/target_node = NodePath("../../../Left Leg Target")
settings/0/root_bone_name = "Upper Leg.l"
settings/0/root_bone = 10
settings/0/end_bone_name = "Foot.l"
settings/0/end_bone = 12
settings/0/extend_end_bone = false
settings/0/joint_count = 3
settings/0/joints/0/rotation_axis = 2
settings/0/joints/0/limitation = null
settings/0/joints/1/rotation_axis = 2
settings/0/joints/1/limitation = null
settings/0/joints/2/rotation_axis = 2
settings/0/joints/2/limitation = null

[node name="Right Leg IK" type="CCDIK3D" parent="Armature/Skeleton3D" parent_id_path=PackedInt32Array(1923546427) index="19" unique_id=2007280711]
transform = Transform3D(1, 0, 0, 0, 1, 0, 0, 0, 1, 0, -1.3000927, 0)
angular_delta_limit = 3.141592653589793
deterministic = true
setting_count = 1
settings/0/target_node = NodePath("../../../Right Leg Target")
settings/0/root_bone_name = "Upper Leg.r"
settings/0/root_bone = 13
settings/0/end_bone_name = "Foot.r"
settings/0/end_bone = 15
settings/0/extend_end_bone = false
settings/0/joint_count = 3
settings/0/joints/0/rotation_axis = 2
settings/0/joints/0/limitation = null
settings/0/joints/1/rotation_axis = 2
settings/0/joints/1/limitation = null
settings/0/joints/2/rotation_axis = 2
settings/0/joints/2/limitation = null

[node name="Label3D" type="Label3D" parent="." index="4" unique_id=120455628]

[node name="Area3D" type="Area3D" parent="." index="5" unique_id=538554726]

[node name="Left Arm Target" type="Node3D" parent="." index="6" unique_id=471309025]

[node name="Right Arm Target" type="Node3D" parent="." index="7" unique_id=617302750]

[node name="Left Leg Target" type="Node3D" parent="." index="8" unique_id=134990272]
transform = Transform3D(1, 0, 0, 0, 1, 0, 0, 0, 1, 0.82080007, 3.691708, -0.47719967)

[node name="Right Leg Target" type="Node3D" parent="." index="9" unique_id=921146363]
transform = Transform3D(1, 0, 0, 0, 1, 0, 0, 0, 1, -0.82080007, 3.7850716, -0.50448847)

[node name="LegAnimPlayer" type="AnimationPlayer" parent="." index="10" unique_id=423592346]
deterministic = true
reset_on_save = false
libraries/ = SubResource("AnimationLibrary_3tbdo")
autoplay = &"Idle"

[node name="LegAnimTree" type="AnimationTree" parent="." index="11" unique_id=305721246]
tree_root = SubResource("AnimationNodeBlendTree_t3qha")
anim_player = NodePath("../LegAnimPlayer")
parameters/WalkSpeed/scale = 12.700000000000005
parameters/JumpBlend/blend_amount = 0.27
parameters/Blend2/blend_amount = 0.6

[node name="ArmAnimPlayer" type="AnimationPlayer" parent="." index="12" unique_id=37053031]
deterministic = true
libraries/ = SubResource("AnimationLibrary_ryliy")

[node name="ArmAnimTree" type="AnimationTree" parent="." index="13" unique_id=661062360]
tree_root = SubResource("AnimationNodeBlendTree_q4fo0")
anim_player = NodePath("../ArmAnimPlayer")
