[gd_scene format=3 uid="uid://be8qbmt0fe144"]

[ext_resource type="Script" uid="uid://cugl3nsf5vtlu" path="res://Scripts/Player/nhope/player.gd" id="1_sy47m"]
[ext_resource type="PackedScene" uid="uid://d3xlqucrpd30n" path="res://Scenes/Player/stonehead.tscn" id="2_mtuoh"]
[ext_resource type="PackedScene" uid="uid://cmig72j5xmifs" path="res://Scenes/Player/stoneman.tscn" id="3_htcer"]
[ext_resource type="Script" uid="uid://d32gdxlmmha8o" path="res://Scripts/Player/nhope/stoneman.gd" id="3_kmiju"]

[sub_resource type="BoxShape3D" id="BoxShape3D_8j60k"]
size = Vector3(0.49902344, 0.9880371, 0.8925781)

[sub_resource type="BoxShape3D" id="BoxShape3D_xpcdj"]
size = Vector3(0.23657227, 0.107177734, 0.13531494)

[sub_resource type="BoxShape3D" id="BoxShape3D_mtuoh"]
size = Vector3(0.27319336, 0.43933105, 0.13171387)

[sub_resource type="BoxShape3D" id="BoxShape3D_htcer"]
size = Vector3(0.10449219, 0.056152344, 0.08886719)

[sub_resource type="SphereShape3D" id="SphereShape3D_fo5ed"]
radius = 0.1

[sub_resource type="SphereShape3D" id="SphereShape3D_5ukr8"]

[sub_resource type="StandardMaterial3D" id="StandardMaterial3D_o06y3"]
albedo_color = Color(1, 0, 0, 1)

[sub_resource type="BoxShape3D" id="BoxShape3D_dd0ac"]
size = Vector3(0.086, 0.284, 0.086)

[sub_resource type="BoxShape3D" id="BoxShape3D_0u5uq"]
size = Vector3(0.086, 0.393, 0.086)

[sub_resource type="BoxShape3D" id="BoxShape3D_jlvik"]
size = Vector3(0.08569336, 0.28359985, 0.08496094)

[sub_resource type="BoxShape3D" id="BoxShape3D_gk6dx"]
size = Vector3(0.08569336, 0.3930664, 0.08618164)

[sub_resource type="BoxShape3D" id="BoxShape3D_jhyir"]
size = Vector3(0.12792969, 0.28735352, 0.10784912)

[sub_resource type="BoxShape3D" id="BoxShape3D_74mp2"]
size = Vector3(0.09, 0.48, 0.099)

[sub_resource type="BoxShape3D" id="BoxShape3D_06tpx"]
size = Vector3(0.12792969, 0.28735352, 0.107666016)

[sub_resource type="BoxShape3D" id="BoxShape3D_oikmp"]
size = Vector3(0.08984375, 0.4802246, 0.09863281)

[sub_resource type="SceneReplicationConfig" id="SceneReplicationConfig_6t5aa"]
properties/0/path = NodePath(".:position")
properties/0/spawn = true
properties/0/replication_mode = 1
properties/1/path = NodePath("Head/Camera3D:rotation")
properties/1/spawn = true
properties/1/replication_mode = 1
properties/2/path = NodePath("Head:rotation")
properties/2/spawn = true
properties/2/replication_mode = 1
properties/3/path = NodePath("Head/Stoneman/Left Arm Target:position")
properties/3/spawn = true
properties/3/replication_mode = 1
properties/4/path = NodePath("Head/Stoneman/Right Arm Target:position")
properties/4/spawn = true
properties/4/replication_mode = 1

[node name="Player" type="CharacterBody3D" unique_id=1288706838]
collision_layer = 10
collision_mask = 7
script = ExtResource("1_sy47m")

[node name="CollisionShape3D" type="CollisionShape3D" parent="." unique_id=1932185389]
transform = Transform3D(0.6625481, 0, 0, 0, 1.7481909, 0, 0, 0, 0.2394429, 0, 0.90595007, -0.017046168)
shape = SubResource("BoxShape3D_8j60k")

[node name="Head" type="Node3D" parent="." unique_id=310455427]

[node name="Stoneman" parent="Head" unique_id=316174631 instance=ExtResource("3_htcer")]
transform = Transform3D(-0.091, 0, -7.955473e-09, 0, 0.091, 0, 7.955473e-09, 0, -0.091, 0, 0.042, 0)
script = ExtResource("3_kmiju")
angular_spring_stiffness = 4000.0
angular_spring_damping = 80.0
max_angular_force = 9999.0

[node name="Skeleton3D" parent="Head/Stoneman/Armature" parent_id_path=PackedInt32Array(316174631, 733170392) index="0" unique_id=715983050]
bones/0/bone_meta/asd = false
bones/2/rest = Transform3D(1, -1.1134409e-08, 2.6022903e-10, 1.11344125e-08, 0.99890894, -0.046701122, 2.6004426e-10, 0.04670112, 0.99890906, 5.6985527e-12, 4.357776, -1.4808791e-08)
bones/4/rest = Transform3D(0, 1, -2.3469327e-07, -0.99890894, 0, -0.046701036, -0.04670104, 2.3469329e-07, 0.9989089, 1.3811173, 3.0295923, -0.037731692)
bones/5/rest = Transform3D(1, 6.531654e-12, 2.733188e-09, -6.5316546e-12, 0.99999994, 1.3973533e-10, -2.733188e-09, -1.3973532e-10, 1, -9.960468e-07, 3.5916436, 2.19258e-08)
bones/5/position = Vector3(0.038220823, 3.5916436, 1.9078051e-08)
bones/5/rotation = Quaternion(-6.986068e-11, 1.3665975e-09, -3.265512e-12, 1)
bones/5/scale = Vector3(1, 0.9999999, 0.99999994)
bones/7/rest = Transform3D(0, -0.9999998, -2.9802319e-08, -0.046701156, 0, -0.99890876, 0.9989087, 2.9802317e-08, -0.04670119, -1.4150515, 3.0295923, -0.03773236)
bones/8/rest = Transform3D(1, 1.3969628e-10, 2.7818174e-08, -1.3969628e-10, 1, 6.5299086e-12, -2.7818174e-08, -6.529912e-12, 1, -2.9749174e-08, 3.5916448, -8.5880083e-07)
bones/10/rest = Transform3D(2.9802857e-07, 0.09204949, -0.9957545, 8.568321e-07, -0.9957545, -0.09204949, -1.0000179, -8.2701445e-07, -3.5762787e-07, 0.93789095, -0.4949112, 0.18960547)
bones/12/rest = Transform3D(0.56434286, -0.8255406, -5.0291415e-08, 0.8251794, 0.56409615, -0.029572813, 0.024413584, 0.016689168, 0.99956256, 4.079425e-09, 5.0910387, -1.0137701e-07)
bones/13/rest = Transform3D(1.1921142e-07, -0.09204943, -0.9957545, -8.4193067e-07, -0.9957545, 0.09204943, -1.0000179, 8.2701445e-07, -2.3841858e-07, -0.9718256, -0.4949112, 0.18960547)
bones/15/rest = Transform3D(0.56434476, -0.82553935, 3.473833e-07, 0.82517815, 0.564098, 0.029573018, -0.024413884, -0.016689094, 0.99956256, -5.4989613e-10, 5.0910387, -2.7377272e-08)

[node name="PhysicalBone3D" type="PhysicalBone3D" parent="Head/Stoneman/Armature/Skeleton3D/Head" parent_id_path=PackedInt32Array(316174631, 825666401) index="1" unique_id=896746849]

[node name="Hand_l" parent="Head/Stoneman/Armature/Skeleton3D" index="2" unique_id=1438153977]
transform = Transform3D(-0.99738103, 0.037800007, -0.061661396, -0.041495893, -0.9973471, 0.05980214, -0.059237316, 0.062204212, 0.9963039, 2.7908757, -1.86639, -0.8150759)

[node name="Lower Arm_l" parent="Head/Stoneman/Armature/Skeleton3D" index="3" unique_id=151419221]
transform = Transform3D(-0.99738103, 0.037800007, -0.061661396, -0.041495893, -0.9973471, 0.05980214, -0.059237316, 0.062204212, 0.9963039, 2.6799502, 1.0603335, -0.9976146)

[node name="Upper Arm_l" parent="Head/Stoneman/Armature/Skeleton3D" index="4" unique_id=197858438]
transform = Transform3D(-0.9266633, 0.37148747, -0.057377003, -0.37392247, -0.92661136, 0.03966227, -0.03843216, 0.058208123, 0.99756444, 1.3811173, 4.402683, -1.2052085)

[node name="Hand_r" parent="Head/Stoneman/Armature/Skeleton3D" index="5" unique_id=1436059033]
transform = Transform3D(0.062123735, -0.03371945, 0.9974986, 0.05994659, -0.9974984, -0.037452906, 0.9962664, 0.062123347, -0.05994702, -2.805344, -1.8694708, -0.81458366)

[node name="Lower Arm_r" parent="Head/Stoneman/Armature/Skeleton3D" index="6" unique_id=649689457]
transform = Transform3D(0.062123735, -0.03371945, 0.9974986, 0.05994659, -0.9974984, -0.037452906, 0.9962664, 0.062123347, -0.05994702, -2.7063932, 1.0576952, -0.99688506)

[node name="Foot_l" parent="Head/Stoneman/Armature/Skeleton3D" index="9" unique_id=396274797]
transform = Transform3D(0.0008426402, 0.0029959306, -0.9999952, -0.5548599, -0.8319393, -0.0029598977, -0.83196133, 0.5548644, 0.0009617703, 1.5058942, -9.599051, -2.018659)

[node name="Lower Leg_l" parent="Head/Stoneman/Armature/Skeleton3D" index="10" unique_id=1360580049]
transform = Transform3D(-0.001997672, 0.031957995, -0.9994873, 0.37366825, -0.927065, -0.030389093, -0.92757446, -0.373549, -0.010089585, 1.3431947, -4.879328, -0.11690676)

[node name="Upper Leg_l" parent="Head/Stoneman/Armature/Skeleton3D" index="11" unique_id=1922271189]
transform = Transform3D(0.014845637, 0.0908445, -0.9957544, -0.16059086, -0.9827199, -0.09204948, -0.98692757, 0.1612727, -3.5762787e-07, 0.93789095, -0.4949112, -0.83642685)

[node name="Foot_r" parent="Head/Stoneman/Armature/Skeleton3D" index="12" unique_id=279561999]
transform = Transform3D(-0.0016822238, -0.004286658, -0.9999894, -0.47870743, -0.8779638, 0.0045687165, -0.8779917, 0.47871166, -0.0005758023, -1.5436547, -9.374201, -2.2323468)

[node name="Lower Leg_r" parent="Head/Stoneman/Armature/Skeleton3D" index="13" unique_id=265641217]
transform = Transform3D(0.0025891028, -0.033378936, -0.9994395, 0.4546374, -0.8901413, 0.030906241, -0.89068514, -0.45447636, 0.012870374, -1.3737212, -4.842457, 0.08140993)

[node name="Upper Leg_r" parent="Head/Stoneman/Armature/Skeleton3D" index="14" unique_id=1692920147]
transform = Transform3D(-0.018936854, -0.09008056, -0.9957545, -0.20485353, -0.9744556, 0.09204943, -0.9786278, 0.20572326, -2.3841858e-07, -0.9718256, -0.4949112, -0.83642685)

[node name="PhysicalBoneSimulator3D" type="PhysicalBoneSimulator3D" parent="Head/Stoneman/Armature/Skeleton3D" index="20" unique_id=604623293]

[node name="Physical Bone Lower Chest" type="PhysicalBone3D" parent="Head/Stoneman/Armature/Skeleton3D/PhysicalBoneSimulator3D" unique_id=1124639518]
transform = Transform3D(10.989011, -2.6147973e-12, 0, 0, 0, -10.989011, 2.6147973e-12, 10.989011, 0, -2.910383e-11, 0.6890793, -1.0260322)
collision_layer = 16
collision_mask = 17
joint_offset = Transform3D(1, 0, 0, 0, 1, 0, 0, 0, 1, -1.8517702e-21, -8.136035e-09, 0.062706225)
body_offset = Transform3D(10.98901, -2.5011104e-12, 0, 0, 0, -10.98901, 2.5011104e-12, 10.98901, 0, 0, 0.6890793, 8.940697e-08)
can_sleep = false
bone_name = "Lower Chest"

[node name="CollisionShape3D" type="CollisionShape3D" parent="Head/Stoneman/Armature/Skeleton3D/PhysicalBoneSimulator3D/Physical Bone Lower Chest" unique_id=167814923]
transform = Transform3D(1, 0, 0, 0, 0, 1, 0, -1, 0, -1.0913936e-11, 0.023284916, 0)
shape = SubResource("BoxShape3D_xpcdj")

[node name="Physical Bone Upper Chest" type="PhysicalBone3D" parent="Head/Stoneman/Armature/Skeleton3D/PhysicalBoneSimulator3D" unique_id=8353669]
transform = Transform3D(10.989011, 2.619984e-06, -1.43494105e-11, -1.2237052e-07, 0.51319915, -10.977021, -2.6171244e-06, 10.97702, 0.51319915, 2.1058571e-05, 3.5546694, -1.1277887)
collision_layer = 16
collision_mask = 17
joint_type = 1
joint_offset = Transform3D(1, 0, 0, 0, 1, 0, 0, 0, 1, -1.9163326e-06, -9.211503e-09, 0.19827874)
body_offset = Transform3D(10.98901, 4.5474735e-13, -1.4367174e-11, -1.4367174e-11, 5.9604645e-08, -10.989012, -2.2737368e-13, 10.989012, 5.9604645e-08, 2.10586e-05, 2.1788874, 8.940697e-08)
can_sleep = false
bone_name = "Upper Chest"
joint_constraints/bias = 0.3
joint_constraints/damping = 1.0
joint_constraints/impulse_clamp = 0.0

[node name="CollisionShape3D" type="CollisionShape3D" parent="Head/Stoneman/Armature/Skeleton3D/PhysicalBoneSimulator3D/Physical Bone Upper Chest" unique_id=1145238524]
transform = Transform3D(0.9999988, -4.565237e-13, 8.697043e-12, -8.7538865e-12, -1.7099082e-06, 1, 5.151435e-14, -1, 0, -5.0167728e-09, 0.016052287, 0.048461795)
shape = SubResource("BoxShape3D_mtuoh")

[node name="Nametag" type="Label3D" parent="Head/Stoneman/Armature/Skeleton3D/PhysicalBoneSimulator3D/Physical Bone Upper Chest" unique_id=134424867]
transform = Transform3D(1, -2.89564e-07, 1.2657245e-14, 0, -4.371139e-08, -1, 2.89564e-07, 1, -4.371139e-08, -0.00052925554, 0.11734857, -1.3522203)
billboard = 1

[node name="Physical Bone Neck" type="PhysicalBone3D" parent="Head/Stoneman/Armature/Skeleton3D/PhysicalBoneSimulator3D" unique_id=1178001620]
transform = Transform3D(10.989011, 2.6199841e-06, 8.12295e-10, 8.1227597e-10, 7.970885e-08, -10.989011, -2.6199841e-06, 10.989011, 7.970885e-08, -2.910383e-11, 5.965534, -1.2295454)
collision_layer = 16
collision_mask = 17
joint_type = 1
joint_offset = Transform3D(1, 0, 0, 0, 1, 0, 0, 0, 1, -1.5763914e-12, -2.3413615e-10, 0.021326214)
body_offset = Transform3D(10.989011, -2.2737368e-13, 8.122858e-10, 8.1231183e-10, -2.1656419e-09, -10.989012, 4.5474735e-13, 10.989008, 1.2064608e-07, 0, 0.23435402, 0)
can_sleep = false
bone_name = "Neck"
joint_constraints/bias = 0.3
joint_constraints/damping = 1.0
joint_constraints/impulse_clamp = 0.0

[node name="CollisionShape3D" type="CollisionShape3D" parent="Head/Stoneman/Armature/Skeleton3D/PhysicalBoneSimulator3D/Physical Bone Neck" unique_id=894007638]
transform = Transform3D(1, -2.6709066e-18, 0, 0, 0, 1, 2.6709066e-18, -1, 0, 0, 0, -0.0012207031)
shape = SubResource("BoxShape3D_htcer")

[node name="Camera3D" type="Camera3D" parent="Head/Stoneman/Armature/Skeleton3D/PhysicalBoneSimulator3D/Physical Bone Neck" unique_id=1606156339]
transform = Transform3D(-1.0000001, -8.676959e-07, 3.2584384e-07, -3.2584384e-07, 3.4085201e-09, -1.0000001, 8.676959e-07, -1.0000001, -3.408803e-09, -9.1015405e-05, 0.05783637, -0.05654764)
v_offset = 0.085

[node name="Stonehead" parent="Head/Stoneman/Armature/Skeleton3D/PhysicalBoneSimulator3D/Physical Bone Neck/Camera3D" unique_id=1469678934 instance=ExtResource("2_mtuoh")]

[node name="ObjectGrabberShapeCast" type="ShapeCast3D" parent="Head/Stoneman/Armature/Skeleton3D/PhysicalBoneSimulator3D/Physical Bone Neck/Camera3D" unique_id=1360882520]
transform = Transform3D(1, 0, 0, 0, 1, 0, 0, 0, 1, 0, 0.011269331, 0)
shape = SubResource("SphereShape3D_fo5ed")
target_position = Vector3(0, 0, -2)
collision_mask = 5

[node name="SpringArm3D" type="SpringArm3D" parent="Head/Stoneman/Armature/Skeleton3D/PhysicalBoneSimulator3D/Physical Bone Neck/Camera3D" unique_id=79056542]
transform = Transform3D(1, 0, 0, 0, -0.9396926, -0.34202015, 0, 0.34202015, -0.9396926, 0, 0.08156812, 0)
shape = SubResource("SphereShape3D_5ukr8")
spring_length = 0.6

[node name="CSGSphere3D" type="CSGSphere3D" parent="Head/Stoneman/Armature/Skeleton3D/PhysicalBoneSimulator3D/Physical Bone Neck/Camera3D/SpringArm3D" unique_id=452235644]
visible = false
radius = 0.05
material = SubResource("StandardMaterial3D_o06y3")

[node name="GrabbedAnchor" type="Marker3D" parent="Head/Stoneman/Armature/Skeleton3D/PhysicalBoneSimulator3D/Physical Bone Neck/Camera3D/SpringArm3D" unique_id=1598422682]

[node name="Physical Bone Upper Arm_l" type="PhysicalBone3D" parent="Head/Stoneman/Armature/Skeleton3D/PhysicalBoneSimulator3D" unique_id=1435480406]
transform = Transform3D(-10.183468, -0.6305178, -4.081395, -4.1081543, 0.43585998, 10.182899, -0.42238405, 10.962246, -0.6396236, 2.011757, 2.7368765, -1.0882621)
collision_layer = 16
collision_mask = 17
joint_type = 1
joint_offset = Transform3D(1, 0, 0, 0, 1, 0, 0, 0, 1, -0.0030796733, -0.0013109408, 0.16240236)
body_offset = Transform3D(10.989012, -2.861023e-06, -0.0009542536, -0.00095383264, -1.0550022e-05, -10.989012, 2.8908253e-06, 10.989011, -1.0550022e-05, 0.033997536, 1.7846384, 0.014407665)
can_sleep = false
bone_name = "Upper Arm.l"
joint_constraints/bias = 0.3
joint_constraints/damping = 1.0
joint_constraints/impulse_clamp = 0.0

[node name="CollisionShape3D" type="CollisionShape3D" parent="Head/Stoneman/Armature/Skeleton3D/PhysicalBoneSimulator3D/Physical Bone Upper Arm_l" unique_id=2092209490]
transform = Transform3D(1, 5.2738442e-11, 0, 0, -4.3712816e-08, 1, 5.2761108e-11, -1, -4.3712816e-08, 0, 0, -0.017)
shape = SubResource("BoxShape3D_dd0ac")

[node name="Physical Bone Lower Arm_l" type="PhysicalBone3D" parent="Head/Stoneman/Armature/Skeleton3D/PhysicalBoneSimulator3D" unique_id=1658461145]
transform = Transform3D(-10.960408, -0.67476505, -0.41533738, -0.45586294, 0.6586567, 10.959777, -0.6480755, 10.948481, -0.6849339, 2.7228663, -0.4049368, -0.89704096)
collision_layer = 16
collision_mask = 17
joint_type = 1
joint_offset = Transform3D(1, 0, 0, 0, 1, 0, 0, 0, 1, -0.001096449, -0.0008865552, 0.13370301)
body_offset = Transform3D(10.989012, -0.0028923154, 3.7372112e-05, 3.7148595e-05, -0.0013738871, -10.989015, 0.002892375, 10.989013, -0.0013739467, 0.01204133, 1.4692631, 0.00992924)
can_sleep = false
bone_name = "Lower Arm.l"
joint_constraints/bias = 0.3
joint_constraints/damping = 1.0
joint_constraints/impulse_clamp = 0.0

[node name="CollisionShape3D" type="CollisionShape3D" parent="Head/Stoneman/Armature/Skeleton3D/PhysicalBoneSimulator3D/Physical Bone Lower Arm_l" unique_id=686477227]
transform = Transform3D(1, -5.251966e-12, -2.2957072e-19, 0, -4.371139e-08, 1, -5.251966e-12, -1, -4.371139e-08, 0, 0, -0.06)
shape = SubResource("BoxShape3D_0u5uq")

[node name="Physical Bone Upper Arm_r" type="PhysicalBone3D" parent="Head/Stoneman/Armature/Skeleton3D/PhysicalBoneSimulator3D" unique_id=1583473491]
transform = Transform3D(0.6403509, 10.234061, 3.9512417, 0.43751156, -3.9786425, 10.234126, 10.961611, -0.43904933, -0.6392974, -2.0726233, 2.7252588, -1.0952077)
collision_layer = 16
collision_mask = 17
joint_type = 1
joint_offset = Transform3D(1, 0, 0, 0, 1, 0, 0, 0, 1, -0.0004208167, 0.0008616571, 0.16425794)
body_offset = Transform3D(10.989014, -0.0024450123, -0.0018993616, -0.0018994212, 0.00038699433, -10.989014, 0.0024454892, 10.989012, 0.0003853105, 0.0049384534, 1.8050318, -0.009531021)
can_sleep = false
bone_name = "Upper Arm.r"
joint_constraints/bias = 0.3
joint_constraints/damping = 1.0
joint_constraints/impulse_clamp = 0.0

[node name="CollisionShape3D" type="CollisionShape3D" parent="Head/Stoneman/Armature/Skeleton3D/PhysicalBoneSimulator3D/Physical Bone Upper Arm_r" unique_id=75983347]
transform = Transform3D(1, 0, -1.4142643e-10, 1.4142643e-10, -3.5379533e-11, 1, 0, -1, -3.5333188e-11, 3.7252903e-09, -1.1920929e-07, -0.016525269)
shape = SubResource("BoxShape3D_jlvik")

[node name="Physical Bone Lower Arm_r" type="PhysicalBone3D" parent="Head/Stoneman/Armature/Skeleton3D/PhysicalBoneSimulator3D" unique_id=2124440220]
transform = Transform3D(0.68691677, 10.961272, 0.37016124, 0.65919495, -0.41147915, 10.961502, 10.947692, -0.6629924, -0.68325233, -2.7427332, -0.40823936, -0.8998327)
collision_layer = 16
collision_mask = 17
joint_type = 1
joint_offset = Transform3D(1, 0, 0, 0, 1, 0, 0, 0, 1, -0.000589599, -0.0011636822, 0.13372661)
body_offset = Transform3D(10.989012, -0.0042281747, -0.0006008744, -0.00060105324, -0.000345584, -10.989017, 0.004228711, 10.989012, -0.00034581125, 0.006554544, 1.4695234, 0.012836456)
can_sleep = false
bone_name = "Lower Arm.r"
joint_constraints/bias = 0.3
joint_constraints/damping = 1.0
joint_constraints/impulse_clamp = 0.0

[node name="CollisionShape3D" type="CollisionShape3D" parent="Head/Stoneman/Armature/Skeleton3D/PhysicalBoneSimulator3D/Physical Bone Lower Arm_r" unique_id=102137167]
transform = Transform3D(1, 0, -5.7571015e-10, 5.7571015e-10, 6.6492534e-11, 1, 0, -1, 6.652132e-11, 0, 0, -0.059814453)
shape = SubResource("BoxShape3D_gk6dx")

[node name="Physical Bone Upper Leg_l" type="PhysicalBone3D" parent="Head/Stoneman/Armature/Skeleton3D/PhysicalBoneSimulator3D" unique_id=192817731]
transform = Transform3D(0.16383605, -10.942255, -0.9992939, -1.7666943, -1.0126355, 10.798691, -10.84483, -0.00034287872, -1.7742746, 1.1417427, -2.643526, -0.4645968)
collision_layer = 16
collision_mask = 17
joint_type = 1
joint_offset = Transform3D(1, 0, 0, 0, 1, 0, 0, 0, 1, 0.0016817726, 0.00045512867, 0.19928782)
body_offset = Transform3D(10.988814, 0.0005130877, 0.0020743608, 0.0020743608, 0.0010381244, -10.989011, -0.00051383884, 10.989011, 0.001038047, -0.018894315, 2.189972, -0.0052074194)
can_sleep = false
bone_name = "Upper Leg.l"
joint_constraints/bias = 0.3
joint_constraints/damping = 1.0
joint_constraints/impulse_clamp = 0.0

[node name="CollisionShape3D" type="CollisionShape3D" parent="Head/Stoneman/Armature/Skeleton3D/PhysicalBoneSimulator3D/Physical Bone Upper Leg_l" unique_id=2038305065]
transform = Transform3D(1, 4.638423e-11, -1.36424205e-11, -2.2737368e-13, -8.6429804e-07, 1.0000358, -5.456968e-12, -1.0000358, -8.567861e-07, 0, -0.002288878, 0)
shape = SubResource("BoxShape3D_jhyir")

[node name="Physical Bone Lower Leg_l" type="PhysicalBone3D" parent="Head/Stoneman/Armature/Skeleton3D/PhysicalBoneSimulator3D" unique_id=1643172154]
transform = Transform3D(-0.021952193, -10.983376, -0.35118547, 4.1062036, -0.33394608, 10.187538, -10.1929865, -0.11087441, 4.104765, 1.3850353, -7.171249, -1.0607355)
collision_layer = 16
collision_mask = 17
joint_type = 1
joint_offset = Transform3D(1, 0, 0, 0, 1, 0, 0, 0, 1, -0.0017259403, -0.0033991295, 0.22555727)
body_offset = Transform3D(10.988867, -1.4156103e-07, 0.00016140938, -1.4066696e-05, -3.3527613e-08, -10.988956, -4.0978193e-07, 10.98901, 1.1920929e-07, 0.01892972, 2.478639, 0.03735304)
can_sleep = false
bone_name = "Lower Leg.l"
joint_constraints/bias = 0.3
joint_constraints/damping = 1.0
joint_constraints/impulse_clamp = 0.0

[node name="CollisionShape3D" type="CollisionShape3D" parent="Head/Stoneman/Armature/Skeleton3D/PhysicalBoneSimulator3D/Physical Bone Lower Leg_l" unique_id=19589420]
transform = Transform3D(1, -6.3437255e-11, -2.0534685e-12, 0, 5.68107e-07, 1.0000968, 0, -1.0000968, 2.924351e-07, 4.656613e-08, -0.0004657358, -0.08425832)
shape = SubResource("BoxShape3D_74mp2")

[node name="Physical Bone Upper Leg_r" type="PhysicalBone3D" parent="Head/Stoneman/Armature/Skeleton3D/PhysicalBoneSimulator3D" unique_id=717190382]
transform = Transform3D(-0.20881286, -10.942357, 0.9897399, -2.2586057, 1.0115274, 10.706721, -10.752371, 2.4479048e-05, -2.2682378, -1.1736051, -2.62212, -0.36809924)
collision_layer = 16
collision_mask = 17
joint_type = 1
joint_offset = Transform3D(1, 0, 0, 0, 1, 0, 0, 0, 1, 0.0015648707, -0.00046560226, 0.19905385)
body_offset = Transform3D(10.9888115, -2.5492793e-05, 0.0077080727, 0.007708311, 1.0240674e-05, -10.989008, 2.5080904e-05, 10.98901, 1.0209068e-05, -0.018730402, 2.1873922, 0.005114436)
can_sleep = false
bone_name = "Upper Leg.r"
joint_constraints/bias = 0.3
joint_constraints/damping = 1.0
joint_constraints/impulse_clamp = 0.0

[node name="CollisionShape3D" type="CollisionShape3D" parent="Head/Stoneman/Armature/Skeleton3D/PhysicalBoneSimulator3D/Physical Bone Upper Leg_r" unique_id=1324164291]
transform = Transform3D(0.99998903, 4.0017767e-11, 2.978595e-11, 1.7649882e-11, 5.5135257e-07, 1, -2.2191671e-10, -1, 5.5133336e-07, 5.5879354e-09, -0.0013427734, 0)
shape = SubResource("BoxShape3D_06tpx")

[node name="Physical Bone Lower Leg_r" type="PhysicalBone3D" parent="Head/Stoneman/Armature/Skeleton3D/PhysicalBoneSimulator3D" unique_id=124716393]
transform = Transform3D(0.028425716, -10.982809, 0.36808223, 4.99529, 0.34076977, 9.782092, -9.787985, 0.14201592, 4.9933515, -1.4632403, -6.838988, -0.94028777)
collision_layer = 16
collision_mask = 17
joint_type = 1
joint_offset = Transform3D(1, 0, 0, 0, 1, 0, 0, 0, 1, -0.00020343889, -0.0013060515, 0.20425001)
body_offset = Transform3D(10.988892, -7.4505806e-07, 0.00094509125, 0.0007543564, -0.0012818724, -10.988931, 4.7683716e-07, 10.989013, -0.0012816116, 0.002042532, 2.2444878, 0.014613986)
can_sleep = false
bone_name = "Lower Leg.r"
joint_constraints/bias = 0.3
joint_constraints/damping = 1.0
joint_constraints/impulse_clamp = 0.0

[node name="CollisionShape3D" type="CollisionShape3D" parent="Head/Stoneman/Armature/Skeleton3D/PhysicalBoneSimulator3D/Physical Bone Lower Leg_r" unique_id=2000521567]
transform = Transform3D(0.9999853, -1.546141e-11, 2.7029046e-11, 3.0695446e-12, 1.1174297e-08, 1.0000032, 7.412382e-11, -1.0000032, 9.872176e-08, 6.457791e-05, -5.7712197e-05, -0.09997147)
shape = SubResource("BoxShape3D_oikmp")

[node name="Left Arm Target" parent="Head/Stoneman" index="6" unique_id=471309025]
transform = Transform3D(1, 0, 0, 0, 1, 0, 0, 0, 1, 2.917, 5.917, 0.055)

[node name="Right Arm Target" parent="Head/Stoneman" index="7" unique_id=617302750]
transform = Transform3D(0.9999999, 0, 0, 0, 0.9999999, 0, 0, 0, 0.9999999, -2.917, 5.917, 0.055)

[node name="Left Leg Target" parent="Head/Stoneman" index="8" unique_id=134990272]
transform = Transform3D(1, 0, 0, 0, 1, 0, 0, 0, 1, 0.82080007, 3.6806414, -0.473965)

[node name="Right Leg Target" parent="Head/Stoneman" index="9" unique_id=921146363]
transform = Transform3D(1, 0, 0, 0, 1, 0, 0, 0, 1, -0.82080007, 3.7961383, -0.5077231)

[node name="LegAnimTree" parent="Head/Stoneman" index="11" unique_id=305721246]
reset_on_save = false

[node name="ArmAnimPlayer" parent="Head/Stoneman" index="12" unique_id=37053031]
reset_on_save = false

[node name="ArmAnimTree" parent="Head/Stoneman" index="13" unique_id=661062360]
reset_on_save = false

[node name="MultiplayerSynchronizer" type="MultiplayerSynchronizer" parent="." unique_id=91604768]
replication_config = SubResource("SceneReplicationConfig_6t5aa")

[editable path="Head/Stoneman"]
